9876.9 -29.9603 -198.038
9873.87 -30.3269 -197.977
9870.8 -30.6934 -197.916
9867.69 -31.0598 -197.854
9864.55 -31.426 -197.791
9861.37 -31.7921 -197.727
9858.16 -32.1581 -197.663
9854.9 -32.524 -197.598
9851.61 -32.8897 -197.532
9848.29 -33.2553 -197.466
9844.93 -33.6208 -197.399
9841.53 -33.9861 -197.331
9838.09 -34.3513 -197.262
9834.62 -34.7164 -197.192
9831.11 -35.0813 -197.122
9827.57 -35.4461 -197.051
9823.99 -35.8107 -196.98
9820.37 -36.1752 -196.907
9816.72 -36.5396 -196.834
9813.03 -36.9038 -196.761
9809.3 -37.2678 -196.686
9805.54 -37.6318 -196.611
9801.74 -37.9955 -196.535
9797.9 -38.3591 -196.458
9794.03 -38.7226 -196.381
9790.12 -39.0859 -196.302
9786.17 -39.449 -196.223
9782.19 -39.812 -196.144
9778.18 -40.1748 -196.064
9774.12 -40.5374 -195.982
9770.03 -40.8999 -195.901
9765.91 -41.2623 -195.818
9761.74 -41.6244 -195.735
9757.54 -41.9864 -195.651
9753.31 -42.3483 -195.566
9749.04 -42.7099 -195.481
9744.73 -43.0714 -195.395
9740.39 -43.4327 -195.308
9736.01 -43.7938 -195.22
9731.59 -44.1548 -195.132
9727.14 -44.5156 -195.043
9722.65 -44.8762 -194.953
9718.13 -45.2366 -194.863
9713.57 -45.5968 -194.771
9708.97 -45.9569 -194.679
9704.34 -46.3167 -194.587
9699.68 -46.6764 -194.494
9694.97 -47.0359 -194.399
9690.23 -47.3952 -194.305
9685.46 -47.7543 -194.209
9680.65 -48.1132 -194.113
9675.8 -48.472 -194.016
9670.92 -48.8305 -193.918
9666 -49.1888 -193.82
9661.04 -49.5469 -193.721
9656.05 -49.9048 -193.621
9651.03 -50.2626 -193.521
9645.96 -50.6201 -193.419
9640.87 -50.9774 -193.317
9635.73 -51.3345 -193.215
9630.56 -51.6914 -193.111
9625.36 -52.0481 -193.007
9620.12 -52.4045 -192.902
9614.84 -52.7608 -192.797
9609.53 -53.1168 -192.691
9604.18 -53.4727 -192.584
9598.8 -53.8283 -192.476
9593.38 -54.1837 -192.368
9587.93 -54.5388 -192.259
9582.44 -54.8938 -192.149
9576.91 -55.2485 -192.038
9571.35 -55.603 -191.927
9565.76 -55.9573 -191.815
9560.13 -56.3113 -191.703
9554.46 -56.6651 -191.589
9548.76 -57.0187 -191.475
9543.02 -57.372 -191.36
9537.25 -57.7252 -191.245
9531.44 -58.078 -191.129
9525.6 -58.4307 -191.012
9519.72 -58.7831 -190.894
9513.81 -59.1352 -190.776
9507.86 -59.4871 -190.657
9501.87 -59.8388 -190.537
9495.85 -60.1902 -190.417
9489.8 -60.5414 -190.296
9483.71 -60.8923 -190.174
9477.59 -61.243 -190.052
9471.43 -61.5934 -189.929
9465.23 -61.9436 -189.805
9459 -62.2935 -189.68
9452.74 -62.6432 -189.555
9446.44 -62.9926 -189.429
9440.11 -63.3417 -189.302
9433.74 -63.6906 -189.175
9427.33 -64.0392 -189.047
9420.89 -64.3876 -188.918
9414.42 -64.7357 -188.788
9407.91 -65.0835 -188.658
9401.37 -65.431 -188.527
9394.79 -65.7783 -188.396
9388.18 -66.1253 -188.264
9381.53 -66.472 -188.131
9374.85 -66.8185 -187.997
9368.13 -67.1647 -187.863
9361.38 -67.5106 -187.728
9354.6 -67.8562 -187.592
9347.78 -68.2016 -187.456
9340.92 -68.5466 -187.318
9334.03 -68.8914 -187.181
9327.11 -69.2359 -187.042
9320.15 -69.5801 -186.903
9313.16 -69.924 -186.763
9306.13 -70.2676 -186.623
9299.07 -70.611 -186.481
9291.97 -70.954 -186.339
9284.84 -71.2967 -186.197
9277.68 -71.6392 -186.054
9270.48 -71.9813 -185.91
9263.25 -72.3232 -185.765
9255.98 -72.6647 -185.62
9248.68 -73.0059 -185.474
9241.35 -73.3469 -185.327
9233.98 -73.6875 -185.18
9226.58 -74.0278 -185.032
9219.14 -74.3678 -184.883
9211.67 -74.7075 -184.733
9204.17 -75.0469 -184.583
9196.63 -75.386 -184.433
9189.05 -75.7247 -184.281
9181.45 -76.0632 -184.129
9173.81 -76.4013 -183.976
9166.13 -76.7391 -183.823
9158.43 -77.0766 -183.669
9150.68 -77.4137 -183.514
9142.91 -77.7506 -183.358
9135.1 -78.0871 -183.202
9127.26 -78.4232 -183.045
9119.38 -78.7591 -182.888
9111.47 -79.0946 -182.729
9103.53 -79.4298 -182.571
9095.55 -79.7646 -182.411
9087.54 -80.0991 -182.251
9079.5 -80.4333 -182.09
9071.42 -80.7671 -181.928
9063.31 -81.1006 -181.766
9055.17 -81.4338 -181.603
9046.99 -81.7666 -181.44
9038.78 -82.099 -181.276
9030.54 -82.4311 -181.111
9022.26 -82.7629 -180.945
9013.95 -83.0943 -180.779
9005.61 -83.4253 -180.612
8997.24 -83.7561 -180.445
8988.83 -84.0864 -180.277
8980.39 -84.4164 -180.108
8971.91 -84.746 -179.938
8963.4 -85.0753 -179.768
8954.86 -85.4042 -179.597
8946.29 -85.7328 -179.426
8937.68 -86.061 -179.254
8929.05 -86.3888 -179.081
8920.37 -86.7162 -178.907
8911.67 -87.0433 -178.733
8902.93 -87.37 -178.559
8894.16 -87.6964 -178.383
8885.36 -88.0223 -178.207
8876.53 -88.3479 -178.031
8867.66 -88.6731 -177.853
8858.76 -88.9979 -177.675
8849.83 -89.3224 -177.497
8840.86 -89.6465 -177.317
8831.87 -89.9702 -177.137
8822.84 -90.2935 -176.957
8813.77 -90.6164 -176.775
8804.68 -90.9389 -176.594
8795.55 -91.261 -176.411
8786.4 -91.5828 -176.228
8777.21 -91.9041 -176.044
8767.98 -92.2251 -175.86
8758.73 -92.5456 -175.675
8749.44 -92.8658 -175.489
8740.12 -93.1856 -175.302
8730.77 -93.5049 -175.115
8721.39 -93.8239 -174.928
8711.98 -94.1425 -174.74
8702.53 -94.4606 -174.551
8693.05 -94.7784 -174.361
8683.54 -95.0957 -174.171
8674 -95.4126 -173.98
8664.43 -95.7291 -173.789
8654.82 -96.0452 -173.596
8645.19 -96.3609 -173.404
8635.52 -96.6762 -173.21
8625.82 -96.991 -173.016
8616.09 -97.3055 -172.822
8606.33 -97.6195 -172.627
8596.54 -97.9331 -172.431
8586.71 -98.2462 -172.234
8576.85 -98.559 -172.037
8566.97 -98.8713 -171.839
8557.05 -99.1831 -171.641
8547.1 -99.4946 -171.442
8537.12 -99.8056 -171.242
8527.11 -100.116 -171.042
8517.07 -100.426 -170.841
8506.99 -100.736 -170.64
8496.89 -101.045 -170.438
8486.75 -101.354 -170.235
8476.59 -101.663 -170.032
8466.39 -101.97 -169.828
8456.16 -102.278 -169.623
8445.9 -102.585 -169.418
8435.61 -102.892 -169.212
8425.29 -103.198 -169.006
8414.94 -103.504 -168.799
8404.56 -103.809 -168.591
8394.15 -104.114 -168.383
8383.71 -104.418 -168.174
8373.24 -104.722 -167.965
8362.73 -105.025 -167.755
8352.2 -105.328 -167.544
8341.64 -105.631 -167.333
8331.04 -105.933 -167.121
8320.42 -106.234 -166.908
8309.77 -106.535 -166.695
8299.08 -106.836 -166.482
8288.37 -107.136 -166.267
8277.63 -107.436 -166.053
8266.85 -107.735 -165.837
8256.05 -108.034 -165.621
8245.22 -108.332 -165.404
8234.35 -108.63 -165.187
8223.46 -108.927 -164.969
8212.54 -109.224 -164.751
8201.59 -109.521 -164.532
8190.6 -109.816 -164.312
8179.59 -110.112 -164.092
8168.55 -110.407 -163.871
8157.48 -110.701 -163.65
8146.38 -110.995 -163.428
8135.25 -111.288 -163.205
8124.1 -111.581 -162.982
8112.91 -111.874 -162.758
8101.69 -112.166 -162.534
8090.45 -112.457 -162.309
8079.17 -112.748 -162.083
8067.87 -113.039 -161.857
8056.54 -113.329 -161.631
8045.17 -113.618 -161.403
8033.78 -113.907 -161.176
8022.36 -114.196 -160.947
8010.91 -114.483 -160.718
7999.44 -114.771 -160.489
7987.93 -115.058 -160.259
7976.4 -115.344 -160.028
7964.83 -115.63 -159.797
7953.24 -115.915 -159.565
7941.62 -116.2 -159.332
7929.97 -116.485 -159.099
7918.3 -116.768 -158.866
7906.59 -117.052 -158.632
7894.86 -117.335 -158.397
7883.1 -117.617 -158.162
7871.31 -117.899 -157.926
7859.49 -118.18 -157.69
7847.64 -118.46 -157.453
7835.77 -118.741 -157.215
7823.87 -119.02 -156.977
7811.94 -119.299 -156.739
7799.98 -119.578 -156.5
7787.99 -119.856 -156.26
7775.98 -120.133 -156.02
7763.94 -120.41 -155.779
7751.87 -120.687 -155.537
7739.77 -120.962 -155.295
7727.65 -121.238 -155.053
7715.5 -121.512 -154.81
7703.32 -121.787 -154.566
7691.12 -122.06 -154.322
7678.88 -122.333 -154.078
7666.62 -122.606 -153.832
7654.33 -122.878 -153.587
7642.02 -123.149 -153.34
7629.68 -123.42 -153.094
7617.31 -123.691 -152.846
7604.91 -123.96 -152.598
7592.49 -124.23 -152.35
7580.04 -124.498 -152.101
7567.56 -124.766 -151.851
7555.06 -125.034 -151.601
7542.53 -125.301 -151.351
7529.97 -125.567 -151.099
7517.39 -125.833 -150.848
7504.78 -126.098 -150.596
7492.14 -126.363 -150.343
7479.48 -126.627 -150.09
7466.79 -126.891 -149.836
7454.08 -127.154 -149.582
7441.33 -127.416 -149.327
7428.57 -127.678 -149.071
7415.77 -127.939 -148.815
7402.95 -128.2 -148.559
7390.11 -128.46 -148.302
7377.23 -128.72 -148.045
7364.34 -128.978 -147.787
7351.41 -129.237 -147.528
7338.46 -129.495 -147.269
7325.49 -129.752 -147.01
7312.49 -130.008 -146.75
7299.46 -130.264 -146.489
7286.41 -130.52 -146.228
7273.33 -130.774 -145.967
7260.23 -131.029 -145.705
7247.1 -131.282 -145.442
7233.95 -131.535 -145.179
7220.77 -131.788 -144.915
7207.56 -132.039 -144.651
7194.33 -132.291 -144.387
7181.08 -132.541 -144.122
7167.8 -132.791 -143.856
7154.5 -133.04 -143.59
7141.17 -133.289 -143.323
7127.81 -133.537 -143.056
7114.44 -133.785 -142.789
7101.03 -134.032 -142.521
7087.61 -134.278 -142.252
7074.15 -134.524 -141.983
7060.68 -134.769 -141.714
7047.17 -135.014 -141.443
7033.65 -135.257 -141.173
7020.1 -135.501 -140.902
7006.52 -135.743 -140.63
6992.93 -135.985 -140.359
6979.3 -136.227 -140.086
6965.66 -136.467 -139.813
6951.99 -136.708 -139.54
6938.29 -136.947 -139.266
6924.57 -137.186 -138.991
6910.83 -137.424 -138.717
6897.07 -137.579 -138.441
6883.31 -137.638 -138.166
6869.55 -137.621 -137.891
6855.79 -137.546 -137.616
6842.05 -137.426 -137.341
6828.32 -137.271 -137.066
6814.61 -137.09 -136.792
6800.92 -136.888 -136.518
6787.26 -136.67 -136.245
6773.61 -136.44 -135.972
6759.99 -136.2 -135.7
6746.4 -135.953 -135.428
6732.83 -135.701 -135.157
6719.28 -135.445 -134.886
6705.76 -135.186 -134.615
6692.27 -134.925 -134.345
6678.81 -134.662 -134.076
6665.37 -134.397 -133.807
6651.95 -134.133 -133.539
6638.57 -133.867 -133.271
6625.21 -133.602 -133.004
6611.87 -133.336 -132.737
6598.57 -133.07 -132.471
6585.28 -132.805 -132.206
6572.03 -132.54 -131.941
6558.8 -132.275 -131.676
6545.6 -132.011 -131.412
6532.43 -131.747 -131.149
6519.28 -131.483 -130.886
6506.16 -131.22 -130.623
6493.06 -130.957 -130.361
6479.99 -130.695 -130.1
6466.95 -130.433 -129.839
6453.93 -130.172 -129.579
6440.94 -129.911 -129.319
6427.98 -129.651 -129.06
6415.04 -129.391 -128.801
6402.12 -129.132 -128.542
6389.24 -128.873 -128.285
6376.37 -128.615 -128.027
6363.54 -128.357 -127.771
6350.73 -128.1 -127.515
6337.94 -127.844 -127.259
6325.19 -127.587 -127.004
6312.45 -127.332 -126.749
6299.74 -127.077 -126.495
6287.06 -126.822 -126.241
6274.41 -126.568 -125.988
6261.77 -126.314 -125.735
6249.17 -126.061 -125.483
6236.59 -125.809 -125.232
6224.03 -125.557 -124.981
6211.5 -125.305 -124.73
6199 -125.054 -124.48
6186.52 -124.804 -124.23
6174.06 -124.553 -123.981
6161.63 -124.304 -123.733
6149.22 -124.055 -123.484
6136.84 -123.806 -123.237
6124.49 -123.558 -122.99
6112.16 -123.311 -122.743
6099.85 -123.064 -122.497
6087.57 -122.817 -122.251
6075.31 -122.571 -122.006
6063.08 -122.326 -121.762
6050.87 -122.08 -121.517
6038.69 -121.836 -121.274
6026.53 -121.592 -121.031
6014.39 -121.348 -120.788
6002.28 -121.105 -120.546
5990.2 -120.862 -120.304
5978.13 -120.62 -120.063
5966.1 -120.379 -119.822
5954.08 -120.137 -119.582
5942.09 -119.897 -119.342
5930.13 -119.657 -119.103
5918.19 -119.417 -118.864
5906.27 -119.178 -118.625
5894.37 -118.939 -118.387
5882.5 -118.701 -118.15
5870.66 -118.463 -117.913
5858.84 -118.225 -117.677
5847.04 -117.989 -117.441
5835.26 -117.752 -117.205
5823.51 -117.516 -116.97
5811.78 -117.281 -116.736
5800.08 -117.046 -116.502
5788.4 -116.811 -116.268
5776.74 -116.577 -116.035
5765.1 -116.344 -115.802
5753.49 -116.111 -115.57
5741.9 -115.878 -115.338
5730.34 -115.646 -115.107
5718.8 -115.414 -114.876
5707.28 -115.183 -114.646
5695.79 -114.952 -114.416
5684.31 -114.722 -114.186
5672.86 -114.492 -113.957
5661.44 -114.263 -113.729
5650.03 -114.034 -113.501
5638.65 -113.805 -113.273
5627.3 -113.578 -113.046
5615.96 -113.35 -112.819
5604.65 -113.123 -112.593
5593.36 -112.896 -112.367
5582.09 -112.67 -112.142
5570.85 -112.444 -111.917
5559.63 -112.219 -111.693
5548.43 -111.994 -111.469
5537.25 -111.77 -111.245
5526.09 -111.546 -111.022
5514.96 -111.323 -110.799
5503.85 -111.1 -110.577
5492.76 -110.877 -110.355
5481.7 -110.655 -110.134
5470.66 -110.433 -109.913
5459.63 -110.212 -109.693
5448.64 -109.991 -109.473
5437.66 -109.771 -109.253
5426.7 -109.551 -109.034
5415.77 -109.331 -108.815
5404.86 -109.112 -108.597
5393.97 -108.894 -108.379
5383.1 -108.676 -108.162
5372.26 -108.458 -107.945
5361.43 -108.241 -107.729
5350.63 -108.024 -107.513
5339.85 -107.807 -107.297
5329.09 -107.591 -107.082
5318.35 -107.376 -106.867
5307.64 -107.161 -106.653
5296.94 -106.946 -106.439
5286.27 -106.732 -106.225
5275.62 -106.518 -106.012
5264.99 -106.305 -105.8
5254.38 -106.092 -105.588
5243.79 -105.879 -105.376
5233.22 -105.667 -105.164
5222.68 -105.455 -104.954
5212.15 -105.244 -104.743
5201.65 -105.033 -104.533
5191.17 -104.823 -104.323
5180.71 -104.613 -104.114
5170.27 -104.403 -103.905
5159.85 -104.194 -103.697
5149.45 -103.985 -103.489
5139.07 -103.777 -103.281
5128.71 -103.569 -103.074
5118.38 -103.362 -102.868
5108.06 -103.155 -102.661
5097.77 -102.948 -102.455
5087.49 -102.742 -102.25
5077.24 -102.536 -102.045
5067.01 -102.33 -101.84
5056.79 -102.125 -101.636
5046.6 -101.921 -101.432
5036.43 -101.717 -101.229
5026.28 -101.513 -101.026
5016.15 -101.31 -100.823
5006.04 -101.107 -100.621
4995.95 -100.904 -100.419
4985.88 -100.702 -100.218
4975.83 -100.5 -100.017
4965.8 -100.299 -99.8159
4955.79 -100.098 -99.6157
4945.8 -99.8974 -99.4159
4935.83 -99.6972 -99.2165
4925.88 -99.4975 -99.0175
4915.95 -99.2982 -98.8189
4906.04 -99.0992 -98.6207
4896.15 -98.9007 -98.4229
4886.28 -98.7026 -98.2255
4876.43 -98.5048 -98.0285
4866.6 -98.3075 -97.8319
4856.78 -98.1106 -97.6357
4846.99 -97.914 -97.4399
4837.22 -97.7179 -97.2444
4827.47 -97.5221 -97.0494
4817.74 -97.3267 -96.8547
4808.02 -97.1317 -96.6605
4798.33 -96.9371 -96.4666
4788.66 -96.7429 -96.2731
4779 -96.5491 -96.08
4769.36 -96.3557 -95.8873
4759.75 -96.1627 -95.695
4750.15 -95.97 -95.503
4740.57 -95.7778 -95.3115
4731.02 -95.5859 -95.1203
4721.48 -95.3944 -94.9295
4711.96 -95.2033 -94.7391
4702.45 -95.0125 -94.5491
4692.97 -94.8222 -94.3594
4683.51 -94.6322 -94.1702
4674.06 -94.4426 -93.9813
4664.64 -94.2534 -93.7928
4655.23 -94.0646 -93.6046
4645.84 -93.8762 -93.4169
4636.48 -93.6881 -93.2295
4627.13 -93.5004 -93.0425
4617.79 -93.3131 -92.8559
4608.48 -93.1261 -92.6696
4599.19 -92.9396 -92.4838
4589.91 -92.7534 -92.2983
4580.66 -92.5675 -92.1131
4571.42 -92.3821 -91.9284
4562.2 -92.197 -91.744
4553 -92.0123 -91.5599
4543.81 -91.828 -91.3763
4534.65 -91.644 -91.193
4525.5 -91.4604 -91.0101
4516.38 -91.2772 -90.8275
4507.27 -91.0943 -90.6453
4498.18 -90.9118 -90.4635
4489.1 -90.7296 -90.282
4480.05 -90.5479 -90.101
4471.01 -90.3665 -89.9202
4461.99 -90.1854 -89.7398
4452.99 -90.0047 -89.5598
4444.01 -89.8244 -89.3802
4435.05 -89.6445 -89.2009
4426.1 -89.4649 -89.022
4417.17 -89.2856 -88.8434
4408.26 -89.1067 -88.6652
4399.37 -88.9282 -88.4873
4390.49 -88.75 -88.3098
4381.63 -88.5722 -88.1327
4372.79 -88.3948 -87.9559
4363.97 -88.2177 -87.7795
4355.17 -88.0409 -87.6034
4346.38 -87.8646 -87.4276
4337.61 -87.6885 -87.2523
4328.86 -87.5128 -87.0772
4320.13 -87.3375 -86.9026
4311.41 -87.1625 -86.7282
4302.71 -86.9879 -86.5543
4294.03 -86.8136 -86.3806
4285.37 -86.6397 -86.2074
4276.72 -86.4661 -86.0344
4268.09 -86.2929 -85.8618
4259.48 -86.12 -85.6896
4250.89 -85.9474 -85.5177
4242.31 -85.7752 -85.3462
4233.75 -85.6034 -85.175
4225.2 -85.4319 -85.0041
4216.68 -85.2607 -84.8336
4208.17 -85.0899 -84.6634
4199.68 -84.9194 -84.4936
4191.2 -84.7492 -84.3241
4182.74 -84.5794 -84.1549
4174.3 -84.41 -83.9861
4165.88 -84.2409 -83.8176
4157.47 -84.0721 -83.6494
4149.08 -83.9036 -83.4816
4140.71 -83.7355 -83.3142
4132.35 -83.5678 -83.147
4124.01 -83.4003 -82.9802
4115.69 -83.2332 -82.8138
4107.38 -83.0664 -82.6476
4099.09 -82.9 -82.4818
4090.82 -82.7339 -82.3164
4082.56 -82.5681 -82.1512
4074.32 -82.4027 -81.9864
4066.1 -82.2376 -81.8219
4057.89 -82.0728 -81.6578
4049.7 -81.9084 -81.494
4041.52 -81.7443 -81.3305
4033.37 -81.5805 -81.1673
4025.23 -81.417 -81.0045
4017.1 -81.2539 -80.842
4008.99 -81.0911 -80.6798
4000.9 -80.9286 -80.518
3992.82 -80.7665 -80.3564
3984.76 -80.6046 -80.1952
3976.72 -80.4431 -80.0343
3968.69 -80.2819 -79.8738
3960.68 -80.1211 -79.7135
3952.68 -79.9606 -79.5536
3944.7 -79.8003 -79.394
3936.74 -79.6404 -79.2347
3928.79 -79.4809 -79.0758
3920.86 -79.3216 -78.9171
3912.94 -79.1627 -78.7588
3905.04 -79.0041 -78.6008
3897.15 -78.8457 -78.4431
3889.29 -78.6878 -78.2857
3881.43 -78.5301 -78.1287
3873.6 -78.3727 -77.9719
3865.77 -78.2157 -77.8155
3857.97 -78.059 -77.6594
3850.18 -77.9026 -77.5036
3842.4 -77.7465 -77.3481
3834.64 -77.5907 -77.1929
3826.9 -77.4352 -77.038
3819.17 -77.28 -76.8834
3811.46 -77.1252 -76.7292
3803.76 -76.9707 -76.5753
3796.08 -76.8164 -76.4216
3788.41 -76.6625 -76.2683
3780.76 -76.5089 -76.1153
3773.13 -76.3556 -75.9626
3765.51 -76.2026 -75.8102
3757.9 -76.0499 -75.6581
3750.31 -75.8975 -75.5063
3742.74 -75.7454 -75.3548
3735.18 -75.5936 -75.2036
3727.64 -75.4421 -75.0527
3720.11 -75.291 -74.9021
3712.59 -75.1401 -74.7518
3705.09 -74.9895 -74.6019
3697.61 -74.8393 -74.4522
3690.14 -74.6893 -74.3028
3682.69 -74.5396 -74.1537
3675.25 -74.3903 -74.0049
3667.82 -74.2412 -73.8565
3660.41 -74.0924 -73.7083
3653.02 -73.9439 -73.5604
3645.64 -73.7958 -73.4128
3638.28 -73.6479 -73.2655
3630.93 -73.5003 -73.1185
3623.59 -73.353 -72.9718
3616.27 -73.206 -72.8254
3608.96 -73.0593 -72.6793
3601.67 -72.9129 -72.5334
3594.4 -72.7668 -72.3879
3587.13 -72.621 -72.2427
3579.89 -72.4755 -72.0977
3572.65 -72.3302 -71.9531
3565.43 -72.1853 -71.8087
3558.23 -72.0406 -71.6646
3551.04 -71.8963 -71.5208
3543.87 -71.7522 -71.3773
3536.7 -71.6084 -71.2341
3529.56 -71.4649 -71.0912
3522.43 -71.3217 -70.9485
3515.31 -71.1787 -70.8062
3508.2 -71.0361 -70.6641
3501.12 -70.8937 -70.5223
3494.04 -70.7517 -70.3808
3486.98 -70.6099 -70.2396
3479.93 -70.4684 -70.0986
3472.9 -70.3272 -69.958
3465.88 -70.1862 -69.8176
3458.88 -70.0456 -69.6775
3451.89 -69.9052 -69.5377
3444.91 -69.7651 -69.3982
3437.95 -69.6253 -69.2589
3431 -69.4858 -69.12
3424.06 -69.3465 -68.9813
3417.14 -69.2075 -68.8429
3410.24 -69.0688 -68.7047
3403.34 -68.9304 -68.5669
3396.46 -68.7923 -68.4293
3389.6 -68.6544 -68.292
3382.75 -68.5168 -68.1549
3375.91 -68.3795 -68.0182
3369.08 -68.2424 -67.8817
3362.27 -68.1057 -67.7455
3355.48 -67.9692 -67.6095
3348.69 -67.833 -67.4739
3341.92 -67.697 -67.3385
3335.17 -67.5613 -67.2034
3328.42 -67.4259 -67.0685
3321.7 -67.2908 -66.9339
3314.98 -67.1559 -66.7996
3308.28 -67.0214 -66.6656
3301.59 -66.887 -66.5318
3294.91 -66.753 -66.3983
3288.25 -66.6192 -66.265
3281.6 -66.4857 -66.1321
3274.97 -66.3524 -65.9994
3268.35 -66.2194 -65.8669
3261.74 -66.0867 -65.7348
3255.14 -65.9543 -65.6028
3248.56 -65.8221 -65.4712
3241.99 -65.6902 -65.3398
3235.44 -65.5585 -65.2087
3228.89 -65.4271 -65.0779
3222.36 -65.296 -64.9473
3215.85 -65.1651 -64.8169
3209.34 -65.0345 -64.6869
3202.85 -64.9041 -64.5571
3196.38 -64.7741 -64.4275
3189.91 -64.6442 -64.2982
3183.46 -64.5147 -64.1692
3177.02 -64.3854 -64.0404
3170.6 -64.2563 -63.9119
3164.18 -64.1275 -63.7836
3157.78 -63.999 -63.6557
3151.4 -63.8707 -63.5279
3145.02 -63.7427 -63.4004
3138.66 -63.6149 -63.2732
3132.31 -63.4874 -63.1462
3125.97 -63.3602 -63.0195
3119.65 -63.2332 -62.893
3113.34 -63.1064 -62.7668
3107.04 -62.9799 -62.6409
3100.76 -62.8537 -62.5152
3094.48 -62.7277 -62.3897
3088.22 -62.602 -62.2645
3081.98 -62.4765 -62.1395
3075.74 -62.3513 -62.0148
3069.52 -62.2263 -61.8904
3063.31 -62.1016 -61.7662
3057.11 -61.9771 -61.6422
3050.93 -61.8529 -61.5185
3044.75 -61.7289 -61.3951
3038.59 -61.6052 -61.2719
3032.44 -61.4817 -61.1489
3026.31 -61.3584 -61.0262
3020.19 -61.2354 -60.9037
3014.07 -61.1127 -60.7815
3007.97 -60.9902 -60.6595
3001.89 -60.8679 -60.5378
2995.81 -60.7459 -60.4163
2989.75 -60.6242 -60.295
2983.7 -60.5027 -60.174
2977.66 -60.3814 -60.0533
2971.64 -60.2603 -59.9327
2965.62 -60.1395 -59.8125
2959.62 -60.019 -59.6924
2953.63 -59.8987 -59.5726
2947.65 -59.7786 -59.4531
2941.69 -59.6588 -59.3337
2935.73 -59.5392 -59.2147
2929.79 -59.4198 -59.0958
2923.86 -59.3007 -58.9772
2917.94 -59.1819 -58.8589
2912.04 -59.0632 -58.7407
2906.14 -58.9448 -58.6228
2900.26 -58.8267 -58.5052
2894.39 -58.7087 -58.3878
2888.53 -58.591 -58.2706
2882.68 -58.4736 -58.1536
2876.85 -58.3564 -58.0369
2871.02 -58.2394 -57.9205
2865.21 -58.1226 -57.8042
2859.41 -58.0061 -57.6882
2853.62 -57.8898 -57.5724
2847.84 -57.7738 -57.4569
2842.08 -57.658 -57.3416
2836.32 -57.5424 -57.2265
2830.58 -57.427 -57.1116
2824.85 -57.3119 -56.997
2819.13 -57.197 -56.8826
2813.42 -57.0824 -56.7684
2807.72 -56.9679 -56.6545
2802.04 -56.8537 -56.5408
2796.37 -56.7397 -56.4273
2790.7 -56.626 -56.3141
2785.05 -56.5125 -56.201
2779.41 -56.3992 -56.0882
2773.78 -56.2861 -55.9757
2768.17 -56.1733 -55.8633
2762.56 -56.0607 -55.7512
2756.96 -55.9483 -55.6393
2751.38 -55.8361 -55.5276
2745.81 -55.7242 -55.4162
2740.25 -55.6124 -55.3049
2734.7 -55.501 -55.1939
2729.16 -55.3897 -55.0832
2723.63 -55.2786 -54.9726
2718.11 -55.1678 -54.8623
2712.61 -55.0572 -54.7522
2707.11 -54.9468 -54.6423
2701.63 -54.8367 -54.5326
2696.16 -54.7267 -54.4231
2690.7 -54.617 -54.3139
2685.24 -54.5075 -54.2049
2679.8 -54.3982 -54.0961
2674.38 -54.2892 -53.9875
2668.96 -54.1803 -53.8792
2663.55 -54.0717 -53.771
2658.15 -53.9633 -53.6631
2652.77 -53.8551 -53.5554
2647.39 -53.7471 -53.4479
2642.03 -53.6394 -53.3406
2636.68 -53.5318 -53.2335
2631.33 -53.4245 -53.1267
2626 -53.3174 -53.0201
2620.68 -53.2105 -52.9136
2615.37 -53.1038 -52.8074
2610.07 -52.9973 -52.7014
2604.78 -52.8911 -52.5956
2599.5 -52.785 -52.4901
2594.24 -52.6792 -52.3847
2588.98 -52.5736 -52.2796
2583.73 -52.4681 -52.1746
2578.5 -52.3629 -52.0699
2573.27 -52.258 -51.9654
2568.05 -52.1532 -51.8611
2562.85 -52.0486 -51.757
2557.66 -51.9443 -51.6531
2552.47 -51.8401 -51.5494
2547.3 -51.7362 -51.446
2542.13 -51.6324 -51.3427
2536.98 -51.5289 -51.2396
2531.84 -51.4256 -51.1368
2526.71 -51.3225 -51.0341
2521.58 -51.2196 -50.9317
2516.47 -51.1169 -50.8295
2511.37 -51.0144 -50.7274
2506.28 -50.9121 -50.6256
2501.2 -50.81 -50.524
2496.13 -50.7081 -50.4226
2491.07 -50.6064 -50.3214
2486.02 -50.505 -50.2203
2480.98 -50.4037 -50.1195
2475.95 -50.3026 -50.0189
2470.93 -50.2018 -49.9185
2465.92 -50.1011 -49.8183
2460.92 -50.0006 -49.7183
2455.93 -49.9004 -49.6185
2450.95 -49.8003 -49.5189
2445.98 -49.7004 -49.4195
2441.02 -49.6008 -49.3203
2436.07 -49.5013 -49.2213
2431.13 -49.4021 -49.1225
2426.2 -49.303 -49.0239
2421.28 -49.2041 -48.9255
2416.36 -49.1055 -48.8273
2411.46 -49.007 -48.7293
2406.57 -48.9087 -48.6315
2401.69 -48.8107 -48.5338
2396.82 -48.7128 -48.4364
2391.96 -48.6151 -48.3392
2387.11 -48.5176 -48.2421
2382.27 -48.4203 -48.1453
2377.43 -48.3232 -48.0487
2372.61 -48.2263 -47.9522
2367.8 -48.1296 -47.856
2362.99 -48.0331 -47.7599
2358.2 -47.9368 -47.664
2353.42 -47.8406 -47.5683
2348.64 -47.7447 -47.4728
2343.88 -47.649 -47.3775
2339.12 -47.5534 -47.2824
2334.38 -47.458 -47.1875
2329.64 -47.3629 -47.0928
2324.91 -47.2679 -46.9983
2320.2 -47.1731 -46.9039
2315.49 -47.0785 -46.8098
2310.79 -46.9841 -46.7158
2306.1 -46.8899 -46.622
2301.42 -46.7958 -46.5284
2296.75 -46.702 -46.435
2292.09 -46.6083 -46.3418
2287.44 -46.5149 -46.2488
2282.8 -46.4216 -46.1559
2278.16 -46.3285 -46.0633
2273.54 -46.2356 -45.9708
2268.93 -46.1428 -45.8785
2264.32 -46.0503 -45.7864
2259.72 -45.958 -45.6945
2255.14 -45.8658 -45.6028
2250.56 -45.7738 -45.5112
2245.99 -45.682 -45.4198
2241.43 -45.5904 -45.3287
2236.88 -45.499 -45.2377
2232.34 -45.4077 -45.1469
2227.81 -45.3166 -45.0562
2223.29 -45.2258 -44.9658
2218.77 -45.135 -44.8755
2214.27 -45.0445 -44.7854
2209.78 -44.9542 -44.6955
2205.29 -44.864 -44.6058
2200.81 -44.7741 -44.5162
2196.34 -44.6843 -44.4269
2191.88 -44.5946 -44.3377
2187.43 -44.5052 -44.2487
2182.99 -44.4159 -44.1598
2178.56 -44.3269 -44.0712
2174.13 -44.238 -43.9827
2169.72 -44.1492 -43.8944
2165.31 -44.0607 -43.8063
2160.92 -43.9723 -43.7183
2156.53 -43.8841 -43.6306
2152.15 -43.7961 -43.543
2147.78 -43.7083 -43.4556
2143.42 -43.6206 -43.3683
2139.06 -43.5331 -43.2812
2134.72 -43.4458 -43.1944
2130.38 -43.3587 -43.1076
2126.05 -43.2717 -43.0211
2121.74 -43.1849 -42.9347
2117.43 -43.0983 -42.8485
2113.13 -43.0118 -42.7625
2108.83 -42.9256 -42.6767
2104.55 -42.8395 -42.591
2100.27 -42.7535 -42.5055
2096.01 -42.6678 -42.4201
2091.75 -42.5822 -42.335
2087.5 -42.4968 -42.25
2083.26 -42.4116 -42.1652
2079.02 -42.3265 -42.0805
2074.8 -42.2416 -41.996
2070.59 -42.1569 -41.9117
2066.38 -42.0723 -41.8276
2062.18 -41.9879 -41.7436
2057.99 -41.9037 -41.6598
2053.81 -41.8197 -41.5761
2049.63 -41.7358 -41.4927
2045.47 -41.6521 -41.4094
2041.31 -41.5685 -41.3262
2037.16 -41.4851 -41.2433
2033.02 -41.4019 -41.1604
2028.89 -41.3189 -41.0778
2024.77 -41.236 -40.9953
2020.65 -41.1533 -40.913
2016.54 -41.0707 -40.8309
2012.45 -40.9883 -40.7489
2008.35 -40.9061 -40.6671
2004.27 -40.8241 -40.5855
2000.2 -40.7422 -40.504
1996.13 -40.6605 -40.4226
1992.07 -40.5789 -40.3415
1988.02 -40.4975 -40.2605
1983.98 -40.4163 -40.1797
1979.95 -40.3352 -40.099
1975.92 -40.2543 -40.0185
1971.91 -40.1735 -39.9381
1967.9 -40.0929 -39.8579
1963.9 -40.0125 -39.7779
1959.9 -39.9323 -39.6981
1955.92 -39.8521 -39.6184
1951.94 -39.7722 -39.5388
1947.97 -39.6924 -39.4594
1944.01 -39.6128 -39.3802
1940.06 -39.5333 -39.3011
1936.11 -39.454 -39.2222
1932.17 -39.3749 -39.1435
1928.24 -39.2959 -39.0649
1924.32 -39.2171 -38.9865
1920.41 -39.1384 -38.9082
1916.5 -39.0599 -38.8301
1912.6 -38.9815 -38.7521
1908.71 -38.9033 -38.6743
1904.83 -38.8253 -38.5966
1900.96 -38.7474 -38.5191
1897.09 -38.6697 -38.4418
1893.23 -38.5921 -38.3646
1889.38 -38.5147 -38.2876
1885.54 -38.4374 -38.2107
1881.7 -38.3603 -38.134
1877.87 -38.2833 -38.0574
1874.05 -38.2065 -37.981
1870.24 -38.1299 -37.9048
1866.43 -38.0534 -37.8286
1862.63 -37.9771 -37.7527
1858.84 -37.9009 -37.6769
1855.06 -37.8248 -37.6012
1851.29 -37.749 -37.5257
1847.52 -37.6732 -37.4504
1843.76 -37.5976 -37.3752
1840.01 -37.5222 -37.3002
1836.26 -37.4469 -37.2253
1832.53 -37.3718 -37.1505
1828.8 -37.2968 -37.0759
1825.07 -37.222 -37.0015
1821.36 -37.1473 -36.9272
1817.65 -37.0728 -36.853
1813.95 -36.9984 -36.779
1810.26 -36.9242 -36.7052
1806.57 -36.8501 -36.6315
1802.9 -36.7762 -36.5579
1799.23 -36.7024 -36.4845
1795.56 -36.6288 -36.4113
1791.91 -36.5553 -36.3382
1788.26 -36.4819 -36.2652
1784.62 -36.4088 -36.1924
1780.99 -36.3357 -36.1197
1777.36 -36.2628 -36.0472
1773.74 -36.1901 -35.9748
1770.13 -36.1174 -35.9026
1766.52 -36.045 -35.8305
1762.93 -35.9727 -35.7585
1759.34 -35.9005 -35.6867
1755.75 -35.8285 -35.6151
1752.18 -35.7566 -35.5436
1748.61 -35.6848 -35.4722
1745.05 -35.6132 -35.401
1741.49 -35.5418 -35.3299
1737.95 -35.4705 -35.2589
1734.41 -35.3993 -35.1881
1730.87 -35.3283 -35.1175
1727.35 -35.2574 -35.047
1723.83 -35.1867 -34.9766
1720.32 -35.1161 -34.9064
1716.81 -35.0456 -34.8363
1713.32 -34.9753 -34.7663
1709.83 -34.9051 -34.6965
1706.34 -34.8351 -34.6269
1702.87 -34.7652 -34.5573
1699.4 -34.6954 -34.4879
1695.93 -34.6258 -34.4187
1692.48 -34.5563 -34.3496
1689.03 -34.487 -34.2806
1685.59 -34.4178 -34.2118
1682.15 -34.3487 -34.1431
1678.72 -34.2798 -34.0745
1675.3 -34.211 -34.0061
1671.89 -34.1424 -33.9378
1668.48 -34.0739 -33.8696
1665.08 -34.0055 -33.8016
1661.69 -33.9373 -33.7338
1658.3 -33.8692 -33.666
1654.92 -33.8012 -33.5984
1651.55 -33.7334 -33.531
1648.18 -33.6657 -33.4636
1644.82 -33.5982 -33.3964
1641.47 -33.5307 -33.3294
1638.12 -33.4635 -33.2624
1634.78 -33.3963 -33.1956
1631.45 -33.3293 -33.129
1628.12 -33.2624 -33.0625
1624.8 -33.1957 -32.9961
1621.49 -33.1291 -32.9298
1618.18 -33.0626 -32.8637
1614.88 -32.9963 -32.7977
1611.59 -32.93 -32.7318
1608.31 -32.864 -32.6661
1605.03 -32.798 -32.6005
1601.75 -32.7322 -32.535
1598.49 -32.6665 -32.4697
1595.23 -32.601 -32.4045
1591.97 -32.5356 -32.3394
1588.72 -32.4703 -32.2745
1585.48 -32.4051 -32.2097
1582.25 -32.3401 -32.145
1579.02 -32.2752 -32.0805
1575.8 -32.2104 -32.016
1572.59 -32.1458 -31.9517
1569.38 -32.0813 -31.8876
1566.18 -32.0169 -31.8235
1562.98 -31.9526 -31.7596
1559.79 -31.8885 -31.6959
1556.61 -31.8245 -31.6322
1553.43 -31.7607 -31.5687
1550.26 -31.6969 -31.5053
1547.1 -31.6333 -31.442
1543.94 -31.5699 -31.3789
1540.79 -31.5065 -31.3159
1537.65 -31.4433 -31.253
1534.51 -31.3802 -31.1902
1531.38 -31.3172 -31.1276
1528.25 -31.2544 -31.0651
1525.14 -31.1916 -31.0027
1522.02 -31.129 -30.9404
1518.92 -31.0666 -30.8783
1515.82 -31.0042 -30.8163
1512.72 -30.942 -30.7544
1509.63 -30.8799 -30.6927
1506.55 -30.8179 -30.631
1503.48 -30.7561 -30.5695
1500.41 -30.6944 -30.5081
1497.34 -30.6328 -30.4469
1494.29 -30.5713 -30.3857
1491.23 -30.5099 -30.3247
1488.19 -30.4487 -30.2638
1485.15 -30.3876 -30.203
1482.12 -30.3266 -30.1424
1479.09 -30.2658 -30.0818
1476.07 -30.205 -30.0214
1473.06 -30.1444 -29.9611
1470.05 -30.0839 -29.901
1467.05 -30.0235 -29.8409
1464.05 -29.9633 -29.781
1461.06 -29.9031 -29.7212
1458.08 -29.8431 -29.6615
1455.1 -29.7832 -29.6019
1452.12 -29.7235 -29.5425
1449.16 -29.6638 -29.4832
1446.2 -29.6043 -29.424
1443.24 -29.5449 -29.3649
1440.29 -29.4856 -29.3059
1437.35 -29.4264 -29.247
1434.42 -29.3673 -29.1883
1431.48 -29.3084 -29.1297
1428.56 -29.2496 -29.0712
1425.64 -29.1909 -29.0128
1422.73 -29.1323 -28.9545
1419.82 -29.0738 -28.8964
1416.92 -29.0155 -28.8384
1414.02 -28.9572 -28.7805
1411.13 -28.8991 -28.7227
1408.25 -28.8411 -28.665
1405.37 -28.7832 -28.6074
1402.5 -28.7255 -28.55
1399.63 -28.6678 -28.4926
1396.77 -28.6103 -28.4354
1393.91 -28.5528 -28.3783
1391.07 -28.4955 -28.3213
1388.22 -28.4383 -28.2644
1385.38 -28.3813 -28.2077
1382.55 -28.3243 -28.151
1379.72 -28.2675 -28.0945
1376.9 -28.2107 -28.0381
1374.09 -28.1541 -27.9818
1371.28 -28.0976 -27.9256
1368.47 -28.0412 -27.8695
1365.68 -27.9849 -27.8135
1362.88 -27.9287 -27.7576
1360.1 -27.8727 -27.7019
1357.31 -27.8167 -27.6463
1354.54 -27.7609 -27.5907
1351.77 -27.7052 -27.5353
1349 -27.6496 -27.48
1346.24 -27.5941 -27.4248
1343.49 -27.5387 -27.3698
1340.74 -27.4834 -27.3148
1338 -27.4283 -27.2599
1335.26 -27.3732 -27.2052
1332.53 -27.3183 -27.1506
1329.8 -27.2634 -27.096
1327.08 -27.2087 -27.0416
1324.37 -27.1541 -26.9873
1321.66 -27.0996 -26.9331
1318.95 -27.0452 -26.879
1316.25 -26.9909 -26.825
1313.56 -26.9367 -26.7712
1310.87 -26.8827 -26.7174
1308.19 -26.8287 -26.6637
1305.51 -26.7749 -26.6102
1302.84 -26.7211 -26.5568
1300.17 -26.6675 -26.5034
1297.51 -26.6139 -26.4502
1294.85 -26.5605 -26.3971
1292.2 -26.5072 -26.3441
1289.56 -26.454 -26.2911
1286.92 -26.4009 -26.2383
1284.28 -26.3479 -26.1856
1281.65 -26.295 -26.1331
1279.03 -26.2422 -26.0806
1276.41 -26.1896 -26.0282
1273.8 -26.137 -25.9759
1271.19 -26.0845 -25.9238
1268.58 -26.0322 -25.8717
1265.99 -25.9799 -25.8197
1263.39 -25.9278 -25.7679
1260.81 -25.8757 -25.7161
1258.22 -25.8238 -25.6645
1255.65 -25.7719 -25.6129
1253.07 -25.7202 -25.5615
1250.51 -25.6686 -25.5102
1247.95 -25.6171 -25.4589
1245.39 -25.5656 -25.4078
1242.84 -25.5143 -25.3568
1240.29 -25.4631 -25.3058
1237.75 -25.412 -25.255
1235.21 -25.361 -25.2043
1232.68 -25.3101 -25.1537
1230.16 -25.2593 -25.1031
1227.64 -25.2086 -25.0527
1225.12 -25.1579 -25.0024
1222.61 -25.1074 -24.9522
1220.1 -25.057 -24.9021
1217.6 -25.0067 -24.8521
1215.11 -24.9565 -24.8022
1212.62 -24.9064 -24.7523
1210.13 -24.8564 -24.7026
1207.65 -24.8066 -24.653
1205.18 -24.7568 -24.6035
1202.7 -24.7071 -24.5541
1200.24 -24.6575 -24.5048
1197.78 -24.608 -24.4556
1195.32 -24.5586 -24.4064
1192.87 -24.5093 -24.3574
1190.43 -24.4601 -24.3085
1187.98 -24.411 -24.2597
1185.55 -24.362 -24.211
1183.12 -24.313 -24.1623
1180.69 -24.2642 -24.1138
1178.27 -24.2155 -24.0654
1175.85 -24.1669 -24.017
1173.44 -24.1184 -23.9688
1171.03 -24.07 -23.9207
1168.63 -24.0217 -23.8726
1166.23 -23.9734 -23.8247
1163.84 -23.9253 -23.7768
1161.45 -23.8773 -23.7291
1159.07 -23.8293 -23.6814
1156.69 -23.7815 -23.6338
1154.32 -23.7338 -23.5864
1151.95 -23.6861 -23.539
1149.59 -23.6386 -23.4917
1147.23 -23.5911 -23.4445
1144.87 -23.5437 -23.3975
1142.52 -23.4965 -23.3505
1140.18 -23.4493 -23.3036
1137.84 -23.4022 -23.2568
1135.5 -23.3553 -23.2101
1133.17 -23.3084 -23.1634
1130.85 -23.2616 -23.1169
1128.52 -23.2149 -23.0705
1126.21 -23.1683 -23.0241
1123.9 -23.1218 -22.9779
1121.59 -23.0753 -22.9318
1119.28 -23.029 -22.8857
1116.99 -22.9828 -22.8397
1114.69 -22.9366 -22.7939
1112.4 -22.8906 -22.7481
1110.12 -22.8446 -22.7024
1107.84 -22.7988 -22.6568
1105.56 -22.753 -22.6113
1103.29 -22.7073 -22.5659
1101.03 -22.6617 -22.5205
1098.77 -22.6162 -22.4753
1096.51 -22.5708 -22.4302
1094.26 -22.5255 -22.3851
1092.01 -22.4803 -22.3402
1089.76 -22.4351 -22.2953
1087.53 -22.3901 -22.2505
1085.29 -22.3452 -22.2058
1083.06 -22.3003 -22.1612
1080.84 -22.2555 -22.1167
1078.61 -22.2108 -22.0723
1076.4 -22.1662 -22.028
1074.19 -22.1217 -21.9837
1071.98 -22.0773 -21.9396
1069.77 -22.033 -21.8955
1067.58 -21.9888 -21.8515
1065.38 -21.9446 -21.8076
1063.19 -21.9006 -21.7638
1061.01 -21.8566 -21.7201
1058.82 -21.8127 -21.6765
1056.65 -21.7689 -21.6329
1054.47 -21.7252 -21.5895
1052.31 -21.6816 -21.5461
1050.14 -21.6381 -21.5029
1047.98 -21.5946 -21.4597
1045.83 -21.5512 -21.4166
1043.68 -21.508 -21.3735
1041.53 -21.4648 -21.3306
1039.39 -21.4217 -21.2878
1037.25 -21.3787 -21.245
1035.12 -21.3358 -21.2023
1032.99 -21.2929 -21.1598
1030.86 -21.2502 -21.1173
1028.74 -21.2075 -21.0748
1026.63 -21.1649 -21.0325
1024.51 -21.1224 -20.9903
1022.41 -21.08 -20.9481
1020.3 -21.0377 -20.906
1018.2 -20.9955 -20.864
1016.11 -20.9533 -20.8221
1014.02 -20.9112 -20.7803
1011.93 -20.8692 -20.7386
1009.85 -20.8273 -20.6969
1007.77 -20.7855 -20.6553
1005.69 -20.7438 -20.6139
1003.62 -20.7021 -20.5725
1001.56 -20.6606 -20.5311
999.495 -20.6191 -20.4899
997.437 -20.5777 -20.4487
995.383 -20.5364 -20.4077
993.334 -20.4951 -20.3667
991.289 -20.454 -20.3258
989.247 -20.4129 -20.2849
987.21 -20.3719 -20.2442
985.177 -20.331 -20.2035
983.148 -20.2902 -20.163
981.123 -20.2495 -20.1225
979.102 -20.2088 -20.082
977.085 -20.1682 -20.0417
975.073 -20.1277 -20.0015
973.064 -20.0873 -19.9613
971.059 -20.047 -19.9212
969.058 -20.0067 -19.8812
967.062 -19.9666 -19.8412
965.069 -19.9265 -19.8014
963.081 -19.8864 -19.7616
961.096 -19.8465 -19.7219
959.115 -19.8067 -19.6823
957.139 -19.7669 -19.6428
955.166 -19.7272 -19.6033
953.197 -19.6876 -19.5639
951.232 -19.6481 -19.5246
949.271 -19.6086 -19.4854
947.314 -19.5692 -19.4463
945.361 -19.5299 -19.4072
943.412 -19.4907 -19.3682
941.467 -19.4516 -19.3293
939.526 -19.4125 -19.2905
937.589 -19.3735 -19.2518
935.655 -19.3346 -19.2131
933.726 -19.2958 -19.1745
931.8 -19.2571 -19.136
929.878 -19.2184 -19.0976
927.96 -19.1798 -19.0592
926.046 -19.1413 -19.0209
924.136 -19.1029 -18.9827
922.229 -19.0645 -18.9446
920.327 -19.0262 -18.9065
918.428 -18.988 -18.8686
916.533 -18.9499 -18.8307
914.642 -18.9118 -18.7928
912.754 -18.8739 -18.7551
910.871 -18.836 -18.7174
908.991 -18.7981 -18.6798
907.115 -18.7604 -18.6423
905.242 -18.7227 -18.6048
903.374 -18.6851 -18.5675
901.509 -18.6476 -18.5302
899.648 -18.6102 -18.493
897.791 -18.5728 -18.4558
895.937 -18.5355 -18.4187
894.088 -18.4983 -18.3818
892.241 -18.4611 -18.3448
890.399 -18.424 -18.308
888.56 -18.387 -18.2712
886.725 -18.3501 -18.2345
884.894 -18.3133 -18.1979
883.066 -18.2765 -18.1613
881.242 -18.2398 -18.1248
879.422 -18.2032 -18.0884
877.605 -18.1666 -18.0521
875.792 -18.1301 -18.0158
873.983 -18.0937 -17.9797
872.177 -18.0574 -17.9435
870.375 -18.0211 -17.9075
868.577 -17.9849 -17.8715
866.782 -17.9488 -17.8356
864.99 -17.9128 -17.7998
863.203 -17.8768 -17.7641
861.419 -17.8409 -17.7284
859.638 -17.8051 -17.6928
857.861 -17.7693 -17.6572
856.088 -17.7336 -17.6218
854.318 -17.698 -17.5864
852.552 -17.6625 -17.551
850.789 -17.627 -17.5158
849.03 -17.5916 -17.4806
847.274 -17.5563 -17.4455
845.522 -17.521 -17.4104
843.774 -17.4859 -17.3755
842.029 -17.4507 -17.3406
840.287 -17.4157 -17.3057
838.549 -17.3807 -17.271
836.814 -17.3458 -17.2363
835.083 -17.311 -17.2017
833.356 -17.2762 -17.1671
831.631 -17.2415 -17.1326
829.911 -17.2069 -17.0982
828.194 -17.1723 -17.0639
826.48 -17.1379 -17.0296
824.769 -17.1034 -16.9954
823.063 -17.0691 -16.9613
821.359 -17.0348 -16.9272
819.659 -17.0006 -16.8932
817.962 -16.9665 -16.8592
816.269 -16.9324 -16.8254
814.579 -16.8984 -16.7916
812.893 -16.8644 -16.7579
811.21 -16.8306 -16.7242
809.53 -16.7968 -16.6906
807.854 -16.763 -16.6571
806.181 -16.7294 -16.6236
804.511 -16.6958 -16.5902
802.845 -16.6623 -16.5569
801.182 -16.6288 -16.5236
799.523 -16.5954 -16.4905
797.866 -16.5621 -16.4573
796.214 -16.5288 -16.4243
794.564 -16.4956 -16.3913
792.918 -16.4625 -16.3584
791.275 -16.4294 -16.3255
789.635 -16.3964 -16.2927
787.999 -16.3635 -16.26
786.366 -16.3306 -16.2273
784.736 -16.2978 -16.1947
783.109 -16.2651 -16.1622
781.486 -16.2324 -16.1297
779.866 -16.1998 -16.0973
778.249 -16.1673 -16.065
776.636 -16.1348 -16.0327
775.026 -16.1024 -16.0005
773.419 -16.0701 -15.9684
771.815 -16.0378 -15.9363
770.214 -16.0056 -15.9043
768.617 -15.9735 -15.8723
767.023 -15.9414 -15.8405
765.432 -15.9094 -15.8086
763.844 -15.8774 -15.7769
762.26 -15.8455 -15.7452
760.678 -15.8137 -15.7136
759.1 -15.7819 -15.682
757.525 -15.7502 -15.6505
755.953 -15.7186 -15.6191
754.384 -15.687 -15.5877
752.819 -15.6555 -15.5564
751.257 -15.6241 -15.5251
749.697 -15.5927 -15.4939
748.141 -15.5614 -15.4628
746.588 -15.5302 -15.4318
745.038 -15.499 -15.4008
743.491 -15.4678 -15.3698
741.948 -15.4368 -15.339
740.407 -15.4058 -15.3081
738.87 -15.3748 -15.2774
737.335 -15.3439 -15.2467
735.804 -15.3131 -15.2161
734.276 -15.2824 -15.1855
732.751 -15.2517 -15.155
731.228 -15.221 -15.1246
729.709 -15.1905 -15.0942
728.193 -15.16 -15.0639
726.68 -15.1295 -15.0336
725.171 -15.0991 -15.0034
723.664 -15.0688 -14.9733
722.16 -15.0385 -14.9432
720.659 -15.0083 -14.9132
719.161 -14.9782 -14.8832
717.666 -14.9481 -14.8533
716.175 -14.9181 -14.8235
714.686 -14.8881 -14.7937
713.2 -14.8582 -14.764
711.717 -14.8284 -14.7343
710.237 -14.7986 -14.7047
708.76 -14.7689 -14.6752
707.286 -14.7392 -14.6457
705.815 -14.7096 -14.6163
704.347 -14.6801 -14.5869
702.882 -14.6506 -14.5576
701.42 -14.6212 -14.5284
699.961 -14.5918 -14.4992
698.505 -14.5625 -14.4701
697.052 -14.5332 -14.441
695.601 -14.504 -14.412
694.154 -14.4749 -14.3831
692.709 -14.4458 -14.3542
691.267 -14.4168 -14.3253
689.829 -14.3879 -14.2966
688.393 -14.359 -14.2679
686.96 -14.3301 -14.2392
685.53 -14.3013 -14.2106
684.102 -14.2726 -14.182
682.678 -14.244 -14.1536
681.256 -14.2153 -14.1251
679.838 -14.1868 -14.0968
678.422 -14.1583 -14.0684
677.009 -14.1299 -14.0402
675.599 -14.1015 -14.012
674.191 -14.0732 -13.9838
672.787 -14.0449 -13.9557
671.385 -14.0167 -13.9277
669.986 -13.9885 -13.8997
668.59 -13.9604 -13.8718
667.197 -13.9324 -13.8439
665.807 -13.9044 -13.8161
664.419 -13.8765 -13.7884
663.034 -13.8486 -13.7607
661.652 -13.8208 -13.733
660.273 -13.793 -13.7055
658.896 -13.7653 -13.6779
657.522 -13.7377 -13.6504
656.151 -13.7101 -13.623
654.783 -13.6825 -13.5957
653.418 -13.6551 -13.5684
652.055 -13.6276 -13.5411
650.695 -13.6003 -13.5139
649.338 -13.573 -13.4868
647.983 -13.5457 -13.4597
646.631 -13.5185 -13.4326
645.282 -13.4913 -13.4056
643.936 -13.4642 -13.3787
642.592 -13.4372 -13.3518
641.251 -13.4102 -13.325
639.913 -13.3833 -13.2983
638.577 -13.3564 -13.2715
637.244 -13.3295 -13.2449
635.914 -13.3028 -13.2183
634.586 -13.2761 -13.1917
633.261 -13.2494 -13.1652
631.939 -13.2228 -13.1388
630.619 -13.1962 -13.1124
629.302 -13.1697 -13.086
627.988 -13.1433 -13.0598
626.676 -13.1169 -13.0335
625.367 -13.0905 -13.0073
624.061 -13.0642 -12.9812
622.757 -13.038 -12.9551
621.456 -13.0118 -12.9291
620.157 -12.9856 -12.9031
618.861 -12.9596 -12.8772
617.568 -12.9335 -12.8514
616.277 -12.9076 -12.8255
614.989 -12.8816 -12.7998
613.703 -12.8558 -12.7741
612.42 -12.8299 -12.7484
611.14 -12.8042 -12.7228
609.862 -12.7784 -12.6972
608.587 -12.7528 -12.6717
607.314 -12.7272 -12.6463
606.044 -12.7016 -12.6209
604.776 -12.6761 -12.5955
603.511 -12.6506 -12.5702
602.249 -12.6252 -12.545
600.989 -12.5998 -12.5198
599.731 -12.5745 -12.4946
598.476 -12.5493 -12.4695
597.224 -12.5241 -12.4445
595.974 -12.4989 -12.4195
594.727 -12.4738 -12.3945
593.482 -12.4488 -12.3696
592.24 -12.4237 -12.3448
591 -12.3988 -12.32
589.762 -12.3739 -12.2952
588.527 -12.349 -12.2705
587.295 -12.3242 -12.2459
586.065 -12.2995 -12.2213
584.838 -12.2748 -12.1968
583.613 -12.2501 -12.1723
582.39 -12.2255 -12.1478
581.17 -12.2009 -12.1234
579.952 -12.1764 -12.099
578.737 -12.152 -12.0747
577.524 -12.1276 -12.0505
576.314 -12.1032 -12.0263
575.106 -12.0789 -12.0021
573.901 -12.0546 -11.978
572.698 -12.0304 -11.954
571.497 -12.0063 -11.9299
570.299 -11.9821 -11.906
569.103 -11.9581 -11.8821
567.91 -11.934 -11.8582
566.719 -11.9101 -11.8344
565.53 -11.8861 -11.8106
564.344 -11.8623 -11.7869
563.16 -11.8384 -11.7632
561.978 -11.8147 -11.7396
560.799 -11.7909 -11.716
559.623 -11.7672 -11.6925
558.448 -11.7436 -11.669
557.276 -11.72 -11.6455
556.107 -11.6965 -11.6221
554.939 -11.673 -11.5988
553.774 -11.6495 -11.5755
552.612 -11.6261 -11.5522
551.451 -11.6028 -11.529
550.293 -11.5795 -11.5059
549.138 -11.5562 -11.4828
547.985 -11.533 -11.4597
546.834 -11.5098 -11.4367
545.685 -11.4867 -11.4137
544.539 -11.4636 -11.3908
543.394 -11.4406 -11.3679
542.253 -11.4176 -11.3451
541.113 -11.3947 -11.3223
539.976 -11.3718 -11.2995
538.841 -11.349 -11.2768
537.709 -11.3262 -11.2542
536.578 -11.3034 -11.2316
535.45 -11.2807 -11.209
534.324 -11.258 -11.1865
533.201 -11.2354 -11.164
532.079 -11.2129 -11.1416
530.96 -11.1903 -11.1192
529.844 -11.1678 -11.0969
528.729 -11.1454 -11.0746
527.617 -11.123 -11.0523
526.507 -11.1007 -11.0301
525.399 -11.0784 -11.008
524.293 -11.0561 -10.9859
523.19 -11.0339 -10.9638
522.089 -11.0118 -10.9418
520.99 -10.9896 -10.9198
519.893 -10.9676 -10.8979
518.798 -10.9455 -10.876
517.706 -10.9235 -10.8541
516.616 -10.9016 -10.8323
515.528 -10.8797 -10.8106
514.442 -10.8578 -10.7888
513.359 -10.836 -10.7672
512.277 -10.8143 -10.7455
511.198 -10.7925 -10.724
510.121 -10.7709 -10.7024
509.046 -10.7492 -10.6809
507.973 -10.7276 -10.6595
506.903 -10.7061 -10.6381
505.834 -10.6846 -10.6167
504.768 -10.6631 -10.5954
503.704 -10.6417 -10.5741
502.642 -10.6203 -10.5528
501.582 -10.599 -10.5316
500.524 -10.5777 -10.5105
499.468 -10.5564 -10.4894
498.415 -10.5352 -10.4683
497.363 -10.5141 -10.4473
496.314 -10.4929 -10.4263
495.267 -10.4719 -10.4053
494.222 -10.4508 -10.3844
493.179 -10.4298 -10.3636
492.138 -10.4089 -10.3428
491.099 -10.388 -10.322
490.062 -10.3671 -10.3012
489.028 -10.3463 -10.2806
487.995 -10.3255 -10.2599
486.965 -10.3047 -10.2393
485.936 -10.284 -10.2187
484.91 -10.2634 -10.1982
483.886 -10.2428 -10.1777
482.863 -10.2222 -10.1573
481.843 -10.2017 -10.1369
480.825 -10.1812 -10.1165
479.809 -10.1607 -10.0962
478.795 -10.1403 -10.0759
477.783 -10.1199 -10.0557
476.773 -10.0996 -10.0355
475.765 -10.0793 -10.0153
474.759 -10.0591 -9.99519
473.755 -10.0389 -9.97511
472.754 -10.0187 -9.95507
471.754 -9.99856 -9.93507
470.756 -9.97848 -9.91512
469.76 -9.95843 -9.8952
468.766 -9.93843 -9.87532
467.774 -9.91846 -9.85549
466.784 -9.89854 -9.83569
465.797 -9.87865 -9.81593
464.811 -9.8588 -9.79621
463.827 -9.839 -9.77654
462.845 -9.81923 -9.7569
461.865 -9.79951 -9.7373
460.887 -9.77982 -9.71774
459.911 -9.76018 -9.69822
458.937 -9.74057 -9.67874
457.965 -9.721 -9.6593
456.995 -9.70147 -9.63989
456.026 -9.68198 -9.62053
455.06 -9.66253 -9.6012
454.096 -9.64312 -9.58192
453.134 -9.62375 -9.56267
452.173 -9.60441 -9.54346
451.215 -9.58512 -9.52429
450.258 -9.56586 -9.50516
449.303 -9.54665 -9.48607
448.351 -9.52747 -9.46701
447.4 -9.50833 -9.44799
446.451 -9.48923 -9.42902
445.504 -9.47016 -9.41008
444.559 -9.45114 -9.39117
443.615 -9.43215 -9.37231
442.674 -9.4132 -9.35348
441.735 -9.39429 -9.33469
440.797 -9.37542 -9.31594
439.862 -9.35659 -9.29723
438.928 -9.33779 -9.27855
437.996 -9.31903 -9.25992
437.066 -9.30031 -9.24132
436.138 -9.28163 -9.22275
435.211 -9.26298 -9.20423
434.287 -9.24437 -9.18574
433.364 -9.2258 -9.16729
432.444 -9.20726 -9.14887
431.525 -9.18877 -9.13049
430.608 -9.17031 -9.11215
429.693 -9.15189 -9.09385
428.779 -9.1335 -9.07558
427.868 -9.11515 -9.05735
426.958 -9.09684 -9.03916
426.05 -9.07856 -9.021
425.144 -9.06033 -9.00288
424.24 -9.04212 -8.9848
423.337 -9.02396 -8.96675
422.437 -9.00583 -8.94874
421.538 -8.98774 -8.93076
420.641 -8.96968 -8.91282
419.746 -8.95166 -8.89492
418.853 -8.93368 -8.87705
417.961 -8.91573 -8.85922
417.071 -8.89782 -8.84142
416.183 -8.87994 -8.82366
415.297 -8.8621 -8.80594
414.413 -8.8443 -8.78825
413.53 -8.82653 -8.7706
412.649 -8.8088 -8.75298
411.77 -8.7911 -8.7354
410.893 -8.77344 -8.71785
410.017 -8.75582 -8.70034
409.143 -8.73823 -8.68286
408.271 -8.72067 -8.66542
407.401 -8.70315 -8.64802
406.532 -8.68567 -8.63065
405.665 -8.66822 -8.61331
404.8 -8.6508 -8.59601
403.937 -8.63343 -8.57874
403.075 -8.61608 -8.56151
402.216 -8.59877 -8.54431
401.357 -8.5815 -8.52715
400.501 -8.56426 -8.51002
399.646 -8.54705 -8.49293
398.793 -8.52988 -8.47587
397.942 -8.51274 -8.45884
397.092 -8.49564 -8.44185
396.245 -8.47857 -8.42489
395.398 -8.46154 -8.40797
394.554 -8.44454 -8.39108
393.711 -8.42758 -8.37422
392.87 -8.41065 -8.3574
392.031 -8.39375 -8.34062
391.193 -8.37689 -8.32386
390.357 -8.36006 -8.30714
389.523 -8.34326 -8.29045
388.69 -8.3265 -8.2738
387.859 -8.30977 -8.25718
387.03 -8.29308 -8.2406
386.202 -8.27642 -8.22404
385.376 -8.25979 -8.20752
384.552 -8.24319 -8.19104
383.729 -8.22663 -8.17458
382.908 -8.21011 -8.15816
382.089 -8.19361 -8.14178
381.271 -8.17715 -8.12542
380.455 -8.16072 -8.1091
379.641 -8.14433 -8.09281
378.828 -8.12797 -8.07656
378.017 -8.11164 -8.06033
377.207 -8.09534 -8.04414
376.399 -8.07908 -8.02798
375.593 -8.06285 -8.01186
374.788 -8.04665 -7.99577
373.985 -8.03048 -7.9797
373.184 -8.01435 -7.96368
372.384 -7.99825 -7.94768
371.586 -7.98218 -7.93171
370.789 -7.96614 -7.91578
369.994 -7.95014 -7.89988
369.201 -7.93417 -7.88401
368.409 -7.91823 -7.86818
367.619 -7.90232 -7.85237
366.83 -7.88644 -7.8366
366.043 -7.8706 -7.82086
365.257 -7.85479 -7.80515
364.474 -7.83901 -7.78947
363.691 -7.82326 -7.77382
362.91 -7.80754 -7.75821
362.131 -7.79185 -7.74263
361.354 -7.7762 -7.72707
360.578 -7.76058 -7.71155
359.803 -7.74499 -7.69606
359.03 -7.72943 -7.6806
358.259 -7.7139 -7.66518
357.489 -7.6984 -7.64978
356.721 -7.68293 -7.63441
355.954 -7.6675 -7.61908
355.189 -7.6521 -7.60377
354.425 -7.63672 -7.5885
353.663 -7.62138 -7.57326
352.902 -7.60607 -7.55805
352.143 -7.59079 -7.54286
351.386 -7.57554 -7.52771
350.63 -7.56032 -7.51259
349.875 -7.54513 -7.4975
349.122 -7.52997 -7.48244
348.371 -7.51484 -7.46741
347.621 -7.49974 -7.45241
346.872 -7.48468 -7.43744
346.125 -7.46964 -7.4225
345.38 -7.45463 -7.40759
344.636 -7.43966 -7.39272
343.893 -7.42471 -7.37787
343.152 -7.40979 -7.36305
342.413 -7.39491 -7.34826
341.675 -7.38005 -7.3335
340.938 -7.36522 -7.31877
340.203 -7.35043 -7.30407
339.47 -7.33566 -7.28939
338.738 -7.32092 -7.27475
338.007 -7.30621 -7.26014
337.278 -7.29153 -7.24556
336.55 -7.27689 -7.231
335.824 -7.26227 -7.21648
335.099 -7.24768 -7.20198
334.376 -7.23311 -7.18752
333.654 -7.21858 -7.17308
332.934 -7.20408 -7.15867
332.215 -7.18961 -7.14429
331.497 -7.17516 -7.12994
330.781 -7.16075 -7.11562
330.066 -7.14636 -7.10133
329.353 -7.132 -7.08706
328.641 -7.11768 -7.07283
327.931 -7.10338 -7.05862
327.222 -7.0891 -7.04444
326.515 -7.07486 -7.03029
325.809 -7.06065 -7.01617
325.104 -7.04646 -7.00208
324.401 -7.03231 -6.98801
323.699 -7.01818 -6.97398
322.999 -7.00408 -6.95997
322.3 -6.99001 -6.94599
321.602 -6.97596 -6.93204
320.906 -6.96195 -6.91811
320.211 -6.94796 -6.90422
319.518 -6.934 -6.89035
318.826 -6.92007 -6.87651
318.135 -6.90617 -6.8627
317.446 -6.89229 -6.84891
316.758 -6.87845 -6.83516
316.071 -6.86463 -6.82143
315.386 -6.85084 -6.80773
314.703 -6.83707 -6.79405
314.02 -6.82334 -6.7804
313.339 -6.80963 -6.76679
312.66 -6.79595 -6.75319
311.981 -6.78229 -6.73963
311.305 -6.76867 -6.72609
310.629 -6.75507 -6.71258
309.955 -6.7415 -6.6991
309.282 -6.72795 -6.68564
308.611 -6.71444 -6.67221
307.941 -6.70095 -6.65881
307.272 -6.68748 -6.64544
306.604 -6.67405 -6.63209
305.938 -6.66064 -6.61877
305.274 -6.64726 -6.60547
304.61 -6.6339 -6.59221
303.948 -6.62057 -6.57896
303.287 -6.60727 -6.56575
302.628 -6.594 -6.55256
301.97 -6.58075 -6.5394
301.313 -6.56753 -6.52627
300.658 -6.55433 -6.51316
300.004 -6.54117 -6.50007
299.351 -6.52803 -6.48702
298.699 -6.51491 -6.47399
298.049 -6.50182 -6.46098
297.4 -6.48876 -6.44801
296.753 -6.47572 -6.43506
296.107 -6.46271 -6.42213
295.462 -6.44973 -6.40923
294.818 -6.43677 -6.39636
294.175 -6.42384 -6.38351
293.534 -6.41093 -6.37069
292.895 -6.39805 -6.35789
292.256 -6.3852 -6.34512
291.619 -6.37237 -6.33238
290.983 -6.35957 -6.31966
290.348 -6.34679 -6.30696
289.715 -6.33404 -6.2943
289.083 -6.32131 -6.28165
288.452 -6.30861 -6.26904
287.822 -6.29594 -6.25644
287.194 -6.28329 -6.24388
286.567 -6.27067 -6.23134
285.941 -6.25807 -6.21882
285.316 -6.24549 -6.20633
284.693 -6.23295 -6.19386
284.071 -6.22042 -6.18142
283.45 -6.20793 -6.16901
282.831 -6.19545 -6.15662
282.212 -6.18301 -6.14425
281.595 -6.17059 -6.13191
280.98 -6.15819 -6.11959
280.365 -6.14582 -6.1073
279.752 -6.13347 -6.09503
279.14 -6.12115 -6.08279
278.529 -6.10885 -6.07057
277.919 -6.09657 -6.05838
277.311 -6.08433 -6.04621
276.703 -6.0721 -6.03407
276.097 -6.0599 -6.02195
275.493 -6.04773 -6.00985
274.889 -6.03558 -5.99778
274.287 -6.02345 -5.98573
273.686 -6.01135 -5.97371
273.086 -5.99927 -5.96171
272.487 -5.98722 -5.94974
271.889 -5.97519 -5.93779
271.293 -5.96319 -5.92586
270.698 -5.95121 -5.91396
270.104 -5.93925 -5.90208
269.511 -5.92732 -5.89023
268.92 -5.91541 -5.8784
268.329 -5.90352 -5.86659
267.74 -5.89166 -5.8548
267.152 -5.87983 -5.84305
266.565 -5.86801 -5.83131
265.98 -5.85622 -5.8196
265.395 -5.84446 -5.80791
264.812 -5.83272 -5.79624
264.23 -5.821 -5.7846
263.649 -5.8093 -5.77298
263.069 -5.79763 -5.76139
262.491 -5.78598 -5.74981
261.913 -5.77436 -5.73827
261.337 -5.76276 -5.72674
260.762 -5.75118 -5.71524
260.188 -5.73963 -5.70376
259.615 -5.72809 -5.6923
259.043 -5.71659 -5.68087
258.473 -5.7051 -5.66946
257.904 -5.69364 -5.65807
257.335 -5.6822 -5.64671
256.768 -5.67078 -5.63537
256.202 -5.65939 -5.62405
255.638 -5.64802 -5.61275
255.074 -5.63667 -5.60148
254.511 -5.62535 -5.59023
253.95 -5.61405 -5.579
253.39 -5.60277 -5.56779
252.831 -5.59151 -5.55661
252.272 -5.58028 -5.54545
251.716 -5.56907 -5.53431
251.16 -5.55788 -5.5232
250.605 -5.54671 -5.5121
250.052 -5.53557 -5.50103
249.499 -5.52445 -5.48998
248.948 -5.51335 -5.47896
248.398 -5.50227 -5.46795
247.848 -5.49122 -5.45697
247.3 -5.48018 -5.44601
246.754 -5.46917 -5.43507
246.208 -5.45819 -5.42415
245.663 -5.44722 -5.41326
245.119 -5.43628 -5.40239
244.577 -5.42535 -5.39154
244.035 -5.41445 -5.38071
243.495 -5.40358 -5.3699
242.956 -5.39272 -5.35911
242.418 -5.38189 -5.34835
241.88 -5.37107 -5.33761
241.344 -5.36028 -5.32689
240.809 -5.34951 -5.31619
240.276 -5.33876 -5.30551
239.743 -5.32804 -5.29486
239.211 -5.31733 -5.28422
238.68 -5.30665 -5.27361
238.151 -5.29599 -5.26302
237.622 -5.28535 -5.25244
237.095 -5.27473 -5.2419
236.568 -5.26413 -5.23137
236.043 -5.25356 -5.22086
235.519 -5.243 -5.21037
234.995 -5.23247 -5.19991
234.473 -5.22196 -5.18946
233.952 -5.21147 -5.17904
233.432 -5.201 -5.16864
232.913 -5.19055 -5.15826
232.395 -5.18012 -5.1479
231.878 -5.16971 -5.13756
231.362 -5.15932 -5.12724
230.847 -5.14896 -5.11694
230.333 -5.13861 -5.10667
229.82 -5.12829 -5.09641
229.309 -5.11799 -5.08617
228.798 -5.1077 -5.07596
228.288 -5.09744 -5.06576
227.779 -5.0872 -5.05559
227.272 -5.07698 -5.04543
226.765 -5.06678 -5.0353
226.259 -5.0566 -5.02519
225.755 -5.04644 -5.01509
225.251 -5.0363 -5.00502
224.748 -5.02619 -4.99497
224.247 -5.01609 -4.98494
223.746 -5.00601 -4.97493
223.247 -4.99595 -4.96493
222.748 -4.98591 -4.95496
222.25 -4.9759 -4.94501
221.754 -4.9659 -4.93508
221.258 -4.95592 -4.92517
220.764 -4.94597 -4.91527
220.27 -4.93603 -4.9054
219.778 -4.92611 -4.89555
219.286 -4.91622 -4.88572
218.795 -4.90634 -4.8759
218.306 -4.89648 -4.86611
217.817 -4.88664 -4.85634
217.329 -4.87683 -4.84659
216.843 -4.86703 -4.83685
216.357 -4.85725 -4.82714
215.872 -4.84749 -4.81744
215.388 -4.83775 -4.80777
214.905 -4.82803 -4.79811
214.424 -4.81833 -4.78847
213.943 -4.80865 -4.77886
213.463 -4.79899 -4.76926
212.984 -4.78935 -4.75968
212.506 -4.77973 -4.75012
212.029 -4.77013 -4.74058
211.553 -4.76054 -4.73106
211.078 -4.75098 -4.72156
210.604 -4.74143 -4.71207
210.13 -4.73191 -4.70261
209.658 -4.7224 -4.69317
209.187 -4.71291 -4.68374
208.717 -4.70345 -4.67433
208.247 -4.694 -4.66494
207.779 -4.68457 -4.65558
207.311 -4.67515 -4.64622
206.845 -4.66576 -4.63689
206.379 -4.65639 -4.62758
205.914 -4.64703 -4.61829
205.451 -4.6377 -4.60901
204.988 -4.62838 -4.59975
204.526 -4.61908 -4.59052
204.065 -4.6098 -4.5813
203.605 -4.60054 -4.5721
203.146 -4.5913 -4.56291
202.687 -4.58207 -4.55375
202.23 -4.57287 -4.5446
201.774 -4.56368 -4.53548
201.318 -4.55451 -4.52637
200.864 -4.54536 -4.51728
200.41 -4.53623 -4.5082
199.957 -4.52711 -4.49915
199.506 -4.51802 -4.49011
199.055 -4.50894 -4.4811
198.605 -4.49988 -4.4721
198.156 -4.49084 -4.46311
197.708 -4.48182 -4.45415
197.26 -4.47282 -4.4452
196.814 -4.46383 -4.43628
196.368 -4.45486 -4.42737
195.924 -4.44591 -4.41848
195.48 -4.43698 -4.4096
195.037 -4.42807 -4.40075
194.595 -4.41917 -4.39191
194.154 -4.41029 -4.38309
193.714 -4.40143 -4.37428
193.275 -4.39259 -4.3655
192.837 -4.38376 -4.35673
192.399 -4.37496 -4.34798
191.962 -4.36617 -4.33925
191.527 -4.35739 -4.33053
191.092 -4.34864 -4.32184
190.658 -4.3399 -4.31316
190.225 -4.33118 -4.30449
189.792 -4.32248 -4.29585
189.361 -4.3138 -4.28722
188.931 -4.30513 -4.27861
188.501 -4.29648 -4.27002
188.072 -4.28785 -4.26144
187.644 -4.27924 -4.25288
187.217 -4.27064 -4.24434
186.791 -4.26206 -4.23582
186.366 -4.2535 -4.22731
185.941 -4.24495 -4.21882
185.517 -4.23642 -4.21035
185.095 -4.22791 -4.20189
184.673 -4.21942 -4.19345
184.252 -4.21094 -4.18503
183.831 -4.20248 -4.17663
183.412 -4.19404 -4.16824
182.993 -4.18561 -4.15987
182.576 -4.1772 -4.15151
182.159 -4.16881 -4.14318
181.743 -4.16044 -4.13486
181.328 -4.15208 -4.12655
180.913 -4.14374 -4.11826
180.5 -4.13541 -4.10999
180.087 -4.1271 -4.10174
179.675 -4.11881 -4.0935
179.264 -4.11054 -4.08528
178.854 -4.10228 -4.07708
178.444 -4.09404 -4.06889
178.036 -4.08581 -4.06072
177.628 -4.0776 -4.05256
177.221 -4.06941 -4.04442
176.815 -4.06123 -4.0363
176.41 -4.05308 -4.02819
176.005 -4.04493 -4.0201
175.601 -4.03681 -4.01203
175.199 -4.0287 -4.00397
174.797 -4.0206 -3.99593
174.395 -4.01252 -3.98791
173.995 -4.00446 -3.9799
173.595 -3.99642 -3.9719
173.196 -3.98839 -3.96393
172.798 -3.98038 -3.95597
172.401 -3.97238 -3.94802
172.005 -3.9644 -3.94009
171.609 -3.95644 -3.93218
171.214 -3.94849 -3.92428
170.82 -3.94055 -3.9164
170.427 -3.93264 -3.90854
170.034 -3.92474 -3.90069
169.643 -3.91685 -3.89285
169.252 -3.90898 -3.88504
168.862 -3.90113 -3.87723
168.472 -3.89329 -3.86945
168.084 -3.88547 -3.86168
167.696 -3.87766 -3.85392
167.309 -3.86987 -3.84618
166.923 -3.8621 -3.83846
166.537 -3.85434 -3.83075
166.153 -3.8466 -3.82306
165.769 -3.83887 -3.81538
165.386 -3.83116 -3.80772
165.003 -3.82346 -3.80007
164.622 -3.81578 -3.79244
164.241 -3.80811 -3.78482
163.861 -3.80046 -3.77722
163.482 -3.79283 -3.76963
163.103 -3.78521 -3.76206
162.725 -3.7776 -3.75451
162.348 -3.77001 -3.74697
161.972 -3.76244 -3.73944
161.597 -3.75488 -3.73193
161.222 -3.74734 -3.72444
160.848 -3.73981 -3.71696
160.475 -3.7323 -3.70949
160.102 -3.7248 -3.70204
159.731 -3.71731 -3.69461
159.36 -3.70985 -3.68719
158.989 -3.70239 -3.67979
158.62 -3.69495 -3.6724
158.251 -3.68753 -3.66502
157.883 -3.68012 -3.65766
157.516 -3.67273 -3.65032
157.149 -3.66535 -3.64298
156.783 -3.65799 -3.63567
156.418 -3.65064 -3.62837
156.054 -3.6433 -3.62108
155.69 -3.63599 -3.61381
155.328 -3.62868 -3.60655
154.965 -3.62139 -3.59931
154.604 -3.61412 -3.59208
154.243 -3.60685 -3.58487
153.883 -3.59961 -3.57767
153.524 -3.59238 -3.57048
153.166 -3.58516 -3.56331
152.808 -3.57796 -3.55616
152.451 -3.57077 -3.54901
152.094 -3.5636 -3.54189
151.739 -3.55644 -3.53477
151.384 -3.54929 -3.52768
151.03 -3.54216 -3.52059
150.676 -3.53504 -3.51352
150.323 -3.52794 -3.50647
149.971 -3.52086 -3.49942
149.62 -3.51378 -3.4924
149.269 -3.50672 -3.48538
148.919 -3.49968 -3.47838
148.57 -3.49265 -3.4714
148.221 -3.48563 -3.46443
147.874 -3.47863 -3.45747
147.526 -3.47164 -3.45053
147.18 -3.46466 -3.4436
146.834 -3.4577 -3.43668
146.489 -3.45076 -3.42978
146.145 -3.44383 -3.42289
145.801 -3.43691 -3.41602
145.458 -3.43 -3.40916
145.116 -3.42311 -3.40231
144.774 -3.41623 -3.39548
144.433 -3.40937 -3.38866
144.093 -3.40252 -3.38186
143.753 -3.39569 -3.37507
143.414 -3.38886 -3.36829
143.076 -3.38206 -3.36152
142.739 -3.37526 -3.35477
142.402 -3.36848 -3.34804
142.066 -3.36171 -3.34131
141.73 -3.35496 -3.3346
141.395 -3.34822 -3.32791
141.061 -3.34149 -3.32122
140.728 -3.33478 -3.31455
140.395 -3.32808 -3.3079
140.063 -3.3214 -3.30125
139.731 -3.31472 -3.29463
139.4 -3.30806 -3.28801
139.07 -3.30142 -3.28141
138.741 -3.29479 -3.27482
138.412 -3.28817 -3.26824
138.084 -3.28156 -3.26168
137.756 -3.27497 -3.25513
137.43 -3.26839 -3.24859
137.103 -3.26182 -3.24207
136.778 -3.25527 -3.23556
136.453 -3.24873 -3.22906
136.129 -3.2422 -3.22257
135.805 -3.23569 -3.2161
135.482 -3.22919 -3.20964
135.16 -3.2227 -3.2032
134.838 -3.21623 -3.19677
134.517 -3.20977 -3.19035
134.197 -3.20332 -3.18394
133.877 -3.19688 -3.17755
133.558 -3.19046 -3.17117
133.24 -3.18405 -3.1648
132.922 -3.17766 -3.15844
132.605 -3.17127 -3.1521
132.289 -3.1649 -3.14577
131.973 -3.15854 -3.13945
131.657 -3.1522 -3.13315
131.343 -3.14587 -3.12686
131.029 -3.13955 -3.12058
130.716 -3.13324 -3.11431
130.403 -3.12694 -3.10806
130.091 -3.12066 -3.10182
129.779 -3.11439 -3.09559
129.469 -3.10814 -3.08937
129.158 -3.10189 -3.08317
128.849 -3.09566 -3.07698
128.54 -3.08944 -3.0708
128.232 -3.08324 -3.06463
127.924 -3.07704 -3.05848
127.617 -3.07086 -3.05233
127.31 -3.06469 -3.04621
127.004 -3.05853 -3.04009
126.699 -3.05239 -3.03398
126.395 -3.04626 -3.02789
126.091 -3.04014 -3.02181
125.787 -3.03403 -3.01574
125.484 -3.02794 -3.00969
125.182 -3.02185 -3.00364
124.881 -3.01578 -2.99761
124.58 -3.00972 -2.99159
124.279 -3.00368 -2.98558
123.979 -2.99764 -2.97959
123.68 -2.99162 -2.97361
123.382 -2.98561 -2.96763
123.084 -2.97961 -2.96168
122.786 -2.97363 -2.95573
122.49 -2.96765 -2.94979
122.193 -2.96169 -2.94387
121.898 -2.95574 -2.93796
121.603 -2.9498 -2.93206
121.309 -2.94388 -2.92617
121.015 -2.93796 -2.9203
120.722 -2.93206 -2.91443
120.429 -2.92617 -2.90858
120.137 -2.92029 -2.90274
119.845 -2.91443 -2.89691
119.555 -2.90857 -2.89109
119.264 -2.90273 -2.88529
118.975 -2.8969 -2.87949
118.686 -2.89108 -2.87371
118.397 -2.88527 -2.86794
118.109 -2.87947 -2.86218
117.822 -2.87369 -2.85643
117.535 -2.86792 -2.8507
117.249 -2.86216 -2.84497
116.963 -2.85641 -2.83926
116.678 -2.85067 -2.83356
116.393 -2.84494 -2.82787
116.11 -2.83923 -2.82219
115.826 -2.83352 -2.81652
115.543 -2.82783 -2.81087
115.261 -2.82215 -2.80522
114.98 -2.81648 -2.79959
114.698 -2.81082 -2.79397
114.418 -2.80518 -2.78836
114.138 -2.79954 -2.78276
113.859 -2.79392 -2.77717
113.58 -2.7883 -2.7716
113.302 -2.7827 -2.76603
113.024 -2.77711 -2.76048
112.747 -2.77153 -2.75493
112.47 -2.76597 -2.7494
112.194 -2.76041 -2.74388
111.919 -2.75486 -2.73837
111.644 -2.74933 -2.73287
111.369 -2.74381 -2.72738
111.095 -2.73829 -2.72191
110.822 -2.73279 -2.71644
110.549 -2.7273 -2.71099
110.277 -2.72183 -2.70554
110.006 -2.71636 -2.70011
109.734 -2.7109 -2.69469
109.464 -2.70545 -2.68928
109.194 -2.70002 -2.68388
108.924 -2.6946 -2.67849
108.656 -2.68918 -2.67311
108.387 -2.68378 -2.66774
108.119 -2.67839 -2.66239
107.852 -2.67301 -2.65704
107.585 -2.66764 -2.65171
107.319 -2.66228 -2.64638
107.053 -2.65693 -2.64107
106.788 -2.65159 -2.63576
106.524 -2.64627 -2.63047
106.259 -2.64095 -2.62519
105.996 -2.63565 -2.61992
105.733 -2.63035 -2.61466
105.47 -2.62507 -2.60941
105.208 -2.6198 -2.60417
104.947 -2.61453 -2.59894
104.686 -2.60928 -2.59372
104.426 -2.60404 -2.58851
104.166 -2.59881 -2.58331
103.906 -2.59359 -2.57813
103.648 -2.58838 -2.57295
103.389 -2.58318 -2.56778
103.131 -2.57799 -2.56263
102.874 -2.57281 -2.55748
102.617 -2.56764 -2.55235
102.361 -2.56248 -2.54722
102.105 -2.55734 -2.54211
101.85 -2.5522 -2.537
101.595 -2.54707 -2.53191
101.341 -2.54195 -2.52682
101.088 -2.53685 -2.52175
100.834 -2.53175 -2.51669
100.582 -2.52667 -2.51163
100.33 -2.52159 -2.50659
100.078 -2.51653 -2.50156
99.8267 -2.51147 -2.49653
99.5761 -2.50642 -2.49152
99.326 -2.50139 -2.48652
99.0763 -2.49637 -2.48153
98.8272 -2.49135 -2.47654
98.5786 -2.48635 -2.47157
98.3304 -2.48135 -2.46661
98.0828 -2.47637 -2.46166
97.8357 -2.47139 -2.45671
97.589 -2.46643 -2.45178
97.3429 -2.46147 -2.44686
97.0972 -2.45653 -2.44194
96.852 -2.45159 -2.43704
96.6074 -2.44667 -2.43215
96.3632 -2.44175 -2.42726
96.1195 -2.43685 -2.42239
95.8763 -2.43195 -2.41753
95.6336 -2.42707 -2.41267
95.3914 -2.42219 -2.40783
95.1497 -2.41733 -2.40299
94.9084 -2.41247 -2.39817
94.6677 -2.40763 -2.39335
94.4274 -2.40279 -2.38855
94.1876 -2.39796 -2.38375
93.9483 -2.39315 -2.37897
93.7094 -2.38834 -2.37419
93.4711 -2.38354 -2.36942
93.2332 -2.37875 -2.36466
92.9958 -2.37397 -2.35992
92.7589 -2.3692 -2.35518
92.5224 -2.36445 -2.35045
92.2865 -2.3597 -2.34573
92.051 -2.35496 -2.34102
91.816 -2.35023 -2.33632
91.5814 -2.3455 -2.33163
91.3473 -2.34079 -2.32695
91.1137 -2.33609 -2.32227
90.8806 -2.3314 -2.31761
90.6479 -2.32671 -2.31296
90.4157 -2.32204 -2.30831
90.184 -2.31738 -2.30368
89.9527 -2.31272 -2.29905
89.7219 -2.30808 -2.29444
89.4915 -2.30344 -2.28983
89.2617 -2.29881 -2.28523
89.0322 -2.29419 -2.28064
88.8033 -2.28959 -2.27607
88.5748 -2.28499 -2.2715
88.3467 -2.2804 -2.26693
88.1192 -2.27582 -2.26238
87.892 -2.27124 -2.25784
87.6654 -2.26668 -2.25331
87.4392 -2.26213 -2.24878
87.2134 -2.25758 -2.24427
86.9881 -2.25305 -2.23976
86.7632 -2.24852 -2.23526
86.5388 -2.24401 -2.23078
86.3149 -2.2395 -2.2263
86.0914 -2.235 -2.22183
85.8683 -2.23051 -2.21737
85.6457 -2.22603 -2.21291
85.4236 -2.22156 -2.20847
85.2019 -2.2171 -2.20404
84.9806 -2.21264 -2.19961
84.7598 -2.2082 -2.1952
84.5394 -2.20376 -2.19079
84.3195 -2.19934 -2.18639
84.1 -2.19492 -2.182
83.8809 -2.19051 -2.17762
83.6623 -2.18611 -2.17325
83.4441 -2.18172 -2.16888
83.2264 -2.17734 -2.16453
83.0091 -2.17296 -2.16018
82.7923 -2.1686 -2.15585
82.5758 -2.16424 -2.15152
82.3598 -2.15989 -2.1472
82.1443 -2.15555 -2.14289
81.9292 -2.15122 -2.13858
81.7145 -2.1469 -2.13429
81.5002 -2.14259 -2.13
81.2864 -2.13829 -2.12573
81.073 -2.13399 -2.12146
80.86 -2.12971 -2.1172
80.6475 -2.12543 -2.11295
80.4354 -2.12116 -2.10871
80.2237 -2.1169 -2.10447
80.0124 -2.11264 -2.10025
79.8016 -2.1084 -2.09603
79.5912 -2.10417 -2.09182
79.3812 -2.09994 -2.08762
79.1716 -2.09572 -2.08343
78.9624 -2.09151 -2.07925
78.7537 -2.08731 -2.07507
78.5454 -2.08312 -2.07091
78.3375 -2.07893 -2.06675
78.13 -2.07476 -2.0626
77.923 -2.07059 -2.05846
77.7163 -2.06643 -2.05433
77.5101 -2.06228 -2.0502
77.3043 -2.05814 -2.04609
77.0989 -2.054 -2.04198
76.8939 -2.04988 -2.03788
76.6893 -2.04576 -2.03379
76.4852 -2.04165 -2.0297
76.2814 -2.03755 -2.02563
76.078 -2.03346 -2.02156
75.8751 -2.02937 -2.0175
75.6726 -2.0253 -2.01345
75.4705 -2.02123 -2.00941
75.2687 -2.01717 -2.00537
75.0674 -2.01312 -2.00135
74.8665 -2.00907 -1.99733
74.666 -2.00504 -1.99332
74.4659 -2.00101 -1.98932
74.2662 -1.99699 -1.98532
74.0669 -1.99298 -1.98134
73.868 -1.98897 -1.97736
73.6695 -1.98498 -1.97339
73.4714 -1.98099 -1.96943
73.2737 -1.97701 -1.96547
73.0764 -1.97304 -1.96153
72.8795 -1.96908 -1.95759
72.683 -1.96512 -1.95366
72.4869 -1.96118 -1.94974
72.2912 -1.95724 -1.94582
72.0958 -1.95331 -1.94192
71.9009 -1.94938 -1.93802
71.7063 -1.94547 -1.93413
71.5122 -1.94156 -1.93024
71.3184 -1.93766 -1.92637
71.125 -1.93377 -1.9225
70.9321 -1.92988 -1.91864
70.7395 -1.92601 -1.91479
70.5472 -1.92214 -1.91094
70.3554 -1.91828 -1.90711
70.164 -1.91442 -1.90328
69.9729 -1.91058 -1.89946
69.7822 -1.90674 -1.89564
69.592 -1.90291 -1.89184
69.402 -1.89909 -1.88804
69.2125 -1.89527 -1.88425
69.0234 -1.89147 -1.88047
68.8346 -1.88767 -1.87669
68.6462 -1.88388 -1.87292
68.4582 -1.88009 -1.86916
68.2706 -1.87631 -1.86541
68.0833 -1.87255 -1.86167
67.8964 -1.86878 -1.85793
67.7099 -1.86503 -1.8542
67.5238 -1.86128 -1.85048
67.3381 -1.85755 -1.84676
67.1527 -1.85382 -1.84305
66.9677 -1.85009 -1.83935
66.783 -1.84638 -1.83566
66.5988 -1.84267 -1.83198
66.4149 -1.83897 -1.8283
66.2313 -1.83527 -1.82463
66.0482 -1.83159 -1.82096
65.8654 -1.82791 -1.81731
65.683 -1.82423 -1.81366
65.5009 -1.82057 -1.81002
65.3192 -1.81691 -1.80638
65.1379 -1.81326 -1.80276
64.9569 -1.80962 -1.79914
64.7763 -1.80599 -1.79553
64.5961 -1.80236 -1.79192
64.4162 -1.79874 -1.78832
64.2367 -1.79513 -1.78473
64.0576 -1.79152 -1.78115
63.8788 -1.78792 -1.77758
63.7003 -1.78433 -1.77401
63.5223 -1.78075 -1.77045
63.3445 -1.77717 -1.76689
63.1672 -1.7736 -1.76334
62.9902 -1.77004 -1.7598
62.8135 -1.76648 -1.75627
62.6372 -1.76294 -1.75274
62.4613 -1.75939 -1.74923
62.2857 -1.75586 -1.74571
62.1105 -1.75233 -1.74221
61.9356 -1.74881 -1.73871
61.7611 -1.7453 -1.73522
61.5869 -1.7418 -1.73174
61.4131 -1.7383 -1.72826
61.2396 -1.73481 -1.72479
61.0664 -1.73132 -1.72133
60.8937 -1.72784 -1.71787
60.7212 -1.72437 -1.71442
60.5491 -1.72091 -1.71098
60.3774 -1.71745 -1.70755
60.206 -1.714 -1.70412
60.0349 -1.71056 -1.7007
59.8642 -1.70712 -1.69728
59.6938 -1.7037 -1.69388
59.5238 -1.70027 -1.69048
59.3541 -1.69686 -1.68708
59.1848 -1.69345 -1.6837
59.0158 -1.69005 -1.68032
58.8471 -1.68665 -1.67694
58.6788 -1.68327 -1.67358
58.5108 -1.67989 -1.67022
58.3431 -1.67651 -1.66686
58.1758 -1.67314 -1.66352
58.0089 -1.66978 -1.66018
57.8422 -1.66643 -1.65684
57.6759 -1.66308 -1.65352
57.5099 -1.65974 -1.6502
57.3443 -1.65641 -1.64689
57.179 -1.65308 -1.64358
57.014 -1.64976 -1.64028
56.8494 -1.64645 -1.63699
56.685 -1.64314 -1.6337
56.5211 -1.63984 -1.63042
56.3574 -1.63655 -1.62715
56.1941 -1.63326 -1.62388
56.0311 -1.62998 -1.62062
55.8684 -1.62671 -1.61737
55.7061 -1.62344 -1.61412
55.5441 -1.62018 -1.61088
55.3824 -1.61692 -1.60765
55.221 -1.61368 -1.60442
55.0599 -1.61043 -1.6012
54.8992 -1.6072 -1.59798
54.7388 -1.60397 -1.59478
54.5788 -1.60075 -1.59158
54.419 -1.59754 -1.58838
54.2596 -1.59433 -1.58519
54.1005 -1.59112 -1.58201
53.9417 -1.58793 -1.57883
53.7832 -1.58474 -1.57566
53.625 -1.58156 -1.5725
53.4672 -1.57838 -1.56934
53.3097 -1.57521 -1.56619
53.1525 -1.57205 -1.56305
52.9956 -1.56889 -1.55991
52.839 -1.56574 -1.55678
52.6827 -1.56259 -1.55365
52.5268 -1.55945 -1.55054
52.3712 -1.55632 -1.54742
52.2159 -1.5532 -1.54432
52.0608 -1.55008 -1.54122
51.9061 -1.54696 -1.53812
51.7518 -1.54386 -1.53504
51.5977 -1.54075 -1.53195
51.4439 -1.53766 -1.52888
51.2905 -1.53457 -1.52581
51.1373 -1.53149 -1.52275
50.9845 -1.52841 -1.51969
50.8319 -1.52534 -1.51664
50.6797 -1.52228 -1.51359
50.5278 -1.51922 -1.51056
50.3762 -1.51617 -1.50752
50.2249 -1.51313 -1.5045
50.0739 -1.51009 -1.50148
49.9231 -1.50705 -1.49846
49.7727 -1.50403 -1.49545
49.6226 -1.50101 -1.49245
49.4728 -1.49799 -1.48946
49.3233 -1.49498 -1.48647
49.1741 -1.49198 -1.48348
49.0252 -1.48898 -1.4805
48.8766 -1.48599 -1.47753
48.7283 -1.48301 -1.47457
48.5803 -1.48003 -1.47161
48.4326 -1.47706 -1.46865
48.2852 -1.47409 -1.4657
48.1381 -1.47113 -1.46276
47.9913 -1.46818 -1.45983
47.8448 -1.46523 -1.4569
47.6985 -1.46228 -1.45397
47.5526 -1.45935 -1.45105
47.407 -1.45642 -1.44814
47.2616 -1.45349 -1.44523
47.1166 -1.45057 -1.44233
46.9718 -1.44766 -1.43944
46.8273 -1.44475 -1.43655
46.6831 -1.44185 -1.43366
46.5392 -1.43895 -1.43078
46.3956 -1.43606 -1.42791
46.2523 -1.43318 -1.42505
46.1093 -1.4303 -1.42219
45.9665 -1.42743 -1.41933
45.8241 -1.42456 -1.41648
45.6819 -1.4217 -1.41364
45.54 -1.41884 -1.4108
45.3984 -1.41599 -1.40797
45.2571 -1.41315 -1.40514
45.1161 -1.41031 -1.40232
44.9753 -1.40748 -1.39951
44.8349 -1.40465 -1.3967
44.6947 -1.40183 -1.39389
44.5548 -1.39902 -1.3911
44.4152 -1.39621 -1.3883
44.2758 -1.3934 -1.38552
44.1368 -1.3906 -1.38274
43.998 -1.38781 -1.37996
43.8595 -1.38502 -1.37719
43.7213 -1.38224 -1.37443
43.5833 -1.37947 -1.37167
43.4456 -1.3767 -1.36891
43.3083 -1.37393 -1.36617
43.1711 -1.37117 -1.36342
43.0343 -1.36842 -1.36069
42.8977 -1.36567 -1.35795
42.7614 -1.36293 -1.35523
42.6254 -1.36019 -1.35251
42.4897 -1.35746 -1.34979
42.3542 -1.35473 -1.34708
42.219 -1.35201 -1.34438
42.0841 -1.34929 -1.34168
41.9494 -1.34658 -1.33899
41.815 -1.34388 -1.3363
41.6809 -1.34118 -1.33362
41.5471 -1.33849 -1.33094
41.4135 -1.3358 -1.32827
41.2802 -1.33312 -1.3256
41.1471 -1.33044 -1.32294
41.0143 -1.32777 -1.32029
40.8818 -1.3251 -1.31764
40.7496 -1.32244 -1.31499
40.6176 -1.31978 -1.31235
40.4859 -1.31713 -1.30972
40.3544 -1.31449 -1.30709
40.2233 -1.31185 -1.30447
40.0923 -1.30921 -1.30185
39.9617 -1.30658 -1.29923
39.8313 -1.30396 -1.29663
39.7012 -1.30134 -1.29402
39.5713 -1.29873 -1.29143
39.4417 -1.29612 -1.28883
39.3123 -1.29352 -1.28625
39.1832 -1.29092 -1.28366
39.0544 -1.28833 -1.28109
38.9258 -1.28574 -1.27852
38.7975 -1.28316 -1.27595
38.6694 -1.28058 -1.27339
38.5416 -1.27801 -1.27083
38.4141 -1.27544 -1.26828
38.2868 -1.27288 -1.26574
38.1598 -1.27032 -1.2632
38.033 -1.26777 -1.26066
37.9065 -1.26522 -1.25813
37.7802 -1.26268 -1.2556
37.6542 -1.26015 -1.25308
37.5284 -1.25762 -1.25057
37.4029 -1.25509 -1.24806
37.2777 -1.25257 -1.24555
37.1527 -1.25006 -1.24305
37.0279 -1.24754 -1.24056
36.9034 -1.24504 -1.23807
36.7792 -1.24254 -1.23558
36.6551 -1.24004 -1.2331
36.5314 -1.23755 -1.23063
36.4079 -1.23507 -1.22816
36.2846 -1.23259 -1.22569
36.1616 -1.23011 -1.22323
36.0389 -1.22764 -1.22078
35.9163 -1.22518 -1.21833
35.7941 -1.22272 -1.21588
35.672 -1.22026 -1.21344
35.5503 -1.21781 -1.21101
35.4287 -1.21536 -1.20857
35.3074 -1.21292 -1.20615
35.1864 -1.21049 -1.20373
35.0656 -1.20806 -1.20131
34.945 -1.20563 -1.1989
34.8247 -1.20321 -1.19649
34.7046 -1.20079 -1.19409
34.5848 -1.19838 -1.1917
34.4652 -1.19597 -1.1893
34.3458 -1.19357 -1.18692
34.2267 -1.19117 -1.18453
34.1078 -1.18878 -1.18216
33.9892 -1.18639 -1.17978
33.8708 -1.18401 -1.17742
33.7526 -1.18163 -1.17505
33.6347 -1.17926 -1.17269
33.517 -1.17689 -1.17034
33.3996 -1.17453 -1.16799
33.2823 -1.17217 -1.16565
33.1654 -1.16982 -1.16331
33.0486 -1.16747 -1.16097
32.9321 -1.16512 -1.15864
32.8158 -1.16278 -1.15632
32.6998 -1.16045 -1.154
32.584 -1.15812 -1.15168
32.4684 -1.15579 -1.14937
32.353 -1.15347 -1.14706
32.2379 -1.15115 -1.14476
32.123 -1.14884 -1.14246
32.0084 -1.14653 -1.14017
31.894 -1.14423 -1.13788
31.7798 -1.14193 -1.1356
31.6658 -1.13964 -1.13332
31.5521 -1.13735 -1.13104
31.4386 -1.13507 -1.12877
31.3253 -1.13279 -1.12651
31.2122 -1.13051 -1.12424
31.0994 -1.12824 -1.12199
30.9868 -1.12598 -1.11974
30.8744 -1.12372 -1.11749
30.7623 -1.12146 -1.11525
30.6504 -1.11921 -1.11301
30.5387 -1.11696 -1.11077
30.4272 -1.11472 -1.10854
30.316 -1.11248 -1.10632
30.2049 -1.11024 -1.1041
30.0941 -1.10801 -1.10188
29.9835 -1.10579 -1.09967
29.8732 -1.10357 -1.09746
29.7631 -1.10135 -1.09526
29.6531 -1.09914 -1.09306
29.5434 -1.09693 -1.09087
29.434 -1.09473 -1.08868
29.3247 -1.09253 -1.08649
29.2157 -1.09034 -1.08431
29.1069 -1.08815 -1.08214
28.9983 -1.08596 -1.07997
28.8899 -1.08378 -1.0778
28.7817 -1.08161 -1.07563
28.6738 -1.07943 -1.07348
28.5661 -1.07727 -1.07132
28.4586 -1.0751 -1.06917
28.3513 -1.07294 -1.06703
28.2442 -1.07079 -1.06488
28.1373 -1.06864 -1.06275
28.0307 -1.06649 -1.06061
27.9242 -1.06435 -1.05848
27.818 -1.06221 -1.05636
27.712 -1.06008 -1.05424
27.6062 -1.05795 -1.05212
27.5006 -1.05583 -1.05001
27.3953 -1.05371 -1.04791
27.2901 -1.05159 -1.0458
27.1851 -1.04948 -1.0437
27.0804 -1.04737 -1.04161
26.9759 -1.04527 -1.03952
26.8716 -1.04317 -1.03743
26.7675 -1.04107 -1.03535
26.6636 -1.03898 -1.03327
26.5599 -1.0369 -1.0312
26.4564 -1.03481 -1.02913
26.3531 -1.03274 -1.02706
26.2501 -1.03066 -1.025
26.1472 -1.02859 -1.02294
26.0445 -1.02653 -1.02089
25.9421 -1.02447 -1.01884
25.8399 -1.02241 -1.0168
25.7378 -1.02036 -1.01476
25.636 -1.01831 -1.01272
25.5344 -1.01626 -1.01069
25.4329 -1.01422 -1.00866
25.3317 -1.01218 -1.00663
25.2307 -1.01015 -1.00461
25.1299 -1.00812 -1.0026
25.0293 -1.0061 -1.00059
24.9289 -1.00408 -0.998578
24.8287 -1.00206 -0.996573
24.7287 -1.00005 -0.994573
24.6289 -0.998041 -0.992577
24.5293 -0.996036 -0.990585
24.4299 -0.994036 -0.988597
24.3306 -0.99204 -0.986613
24.2316 -0.990048 -0.984633
24.1328 -0.98806 -0.982657
24.0342 -0.986076 -0.980685
23.9358 -0.984095 -0.978716
23.8376 -0.982119 -0.976752
23.7396 -0.980147 -0.974792
23.6418 -0.978179 -0.972836
23.5442 -0.976214 -0.970883
23.4467 -0.974254 -0.968935
23.3495 -0.972298 -0.96699
23.2525 -0.970345 -0.965049
23.1556 -0.968397 -0.963113
23.059 -0.966452 -0.96118
22.9625 -0.964511 -0.959251
22.8663 -0.962574 -0.957325
22.7702 -0.960641 -0.955404
22.6743 -0.958712 -0.953487
22.5787 -0.956787 -0.951573
22.4832 -0.954866 -0.949663
22.3879 -0.952948 -0.947758
22.2928 -0.951035 -0.945855
22.1979 -0.949125 -0.943957
22.1031 -0.947219 -0.942063
22.0086 -0.945317 -0.940172
21.9143 -0.943419 -0.938285
21.8201 -0.941524 -0.936402
21.7261 -0.939633 -0.934523
21.6324 -0.937747 -0.932647
21.5388 -0.935863 -0.930776
21.4454 -0.933984 -0.928908
21.3522 -0.932109 -0.927044
21.2592 -0.930237 -0.925183
21.1663 -0.928369 -0.923326
21.0737 -0.926505 -0.921473
20.9812 -0.924644 -0.919624
20.8889 -0.922787 -0.917779
20.7968 -0.920934 -0.915937
20.7049 -0.919085 -0.914098
20.6132 -0.917239 -0.912264
20.5217 -0.915398 -0.910433
20.4303 -0.913559 -0.908606
20.3391 -0.911725 -0.906783
20.2481 -0.909894 -0.904963
20.1573 -0.908067 -0.903147
20.0667 -0.906244 -0.901334
19.9763 -0.904424 -0.899525
19.886 -0.902608 -0.89772
19.7959 -0.900795 -0.895919
19.706 -0.898986 -0.894121
19.6163 -0.897181 -0.892326
19.5268 -0.895379 -0.890535
19.4374 -0.893582 -0.888748
19.3482 -0.891787 -0.886965
19.2592 -0.889996 -0.885185
19.1704 -0.888209 -0.883408
19.0818 -0.886426 -0.881635
18.9933 -0.884646 -0.879866
18.905 -0.882869 -0.8781
18.8169 -0.881096 -0.876338
18.729 -0.879327 -0.87458
18.6412 -0.877561 -0.872824
18.5536 -0.875799 -0.871073
18.4662 -0.874041 -0.869325
18.379 -0.872286 -0.86758
18.292 -0.870534 -0.865839
18.2051 -0.868786 -0.864102
18.1184 -0.867041 -0.862367
18.0318 -0.8653 -0.860637
17.9455 -0.863563 -0.85891
17.8593 -0.861829 -0.857186
17.7733 -0.860098 -0.855466
17.6875 -0.858371 -0.853749
17.6018 -0.856647 -0.852036
17.5163 -0.854927 -0.850326
17.431 -0.853211 -0.84862
17.3458 -0.851497 -0.846917
17.2609 -0.849788 -0.845217
17.176 -0.848081 -0.843521
17.0914 -0.846378 -0.841828
17.0069 -0.844679 -0.840139
16.9226 -0.842983 -0.838453
16.8385 -0.84129 -0.83677
16.7546 -0.839601 -0.835091
16.6708 -0.837915 -0.833415
16.5871 -0.836232 -0.831743
16.5037 -0.834553 -0.830074
16.4204 -0.832877 -0.828408
16.3373 -0.831205 -0.826745
16.2543 -0.829536 -0.825086
16.1715 -0.82787 -0.823431
16.0889 -0.826208 -0.821778
16.0065 -0.824549 -0.820129
15.9242 -0.822893 -0.818483
15.842 -0.821241 -0.816841
15.7601 -0.819592 -0.815202
15.6783 -0.817946 -0.813566
15.5967 -0.816303 -0.811933
15.5152 -0.814664 -0.810304
15.4339 -0.813028 -0.808678
15.3527 -0.811396 -0.807055
15.2718 -0.809767 -0.805435
15.191 -0.808141 -0.803819
15.1103 -0.806518 -0.802206
15.0298 -0.804899 -0.800596
14.9495 -0.803282 -0.79899
14.8693 -0.801669 -0.797386
14.7893 -0.80006 -0.795786
14.7095 -0.798453 -0.794189
14.6298 -0.79685 -0.792596
14.5503 -0.79525 -0.791005
14.4709 -0.793653 -0.789418
14.3917 -0.792059 -0.787834
14.3126 -0.790469 -0.786253
14.2338 -0.788882 -0.784675
14.155 -0.787298 -0.7831
14.0765 -0.785717 -0.781529
13.998 -0.784139 -0.779961
13.9198 -0.782565 -0.778396
13.8417 -0.780993 -0.776834
13.7637 -0.779425 -0.775275
13.686 -0.77786 -0.773719
13.6083 -0.776298 -0.772166
13.5309 -0.77474 -0.770617
13.4535 -0.773184 -0.769071
13.3764 -0.771631 -0.767527
13.2994 -0.770082 -0.765987
13.2225 -0.768536 -0.76445
13.1458 -0.766993 -0.762916
13.0693 -0.765453 -0.761385
12.9929 -0.763916 -0.759857
12.9166 -0.762382 -0.758333
12.8405 -0.760851 -0.756811
12.7646 -0.759323 -0.755292
12.6888 -0.757799 -0.753777
12.6132 -0.756277 -0.752264
12.5377 -0.754758 -0.750755
12.4624 -0.753243 -0.749248
12.3872 -0.751731 -0.747745
12.3122 -0.750221 -0.746244
12.2373 -0.748715 -0.744747
12.1626 -0.747211 -0.743252
12.088 -0.745711 -0.741761
12.0136 -0.744214 -0.740273
11.9394 -0.742719 -0.738787
11.8652 -0.741228 -0.737305
11.7913 -0.73974 -0.735825
11.7174 -0.738255 -0.734349
11.6438 -0.736772 -0.732875
11.5702 -0.735293 -0.731405
11.4968 -0.733817 -0.729937
11.4236 -0.732343 -0.728472
11.3505 -0.730873 -0.72701
11.2776 -0.729405 -0.725552
11.2048 -0.727941 -0.724096
11.1321 -0.726479 -0.722643
11.0596 -0.72502 -0.721193
10.9873 -0.723565 -0.719746
10.9151 -0.722112 -0.718301
10.843 -0.720662 -0.71686
10.7711 -0.719215 -0.715422
10.6993 -0.717771 -0.713986
10.6277 -0.71633 -0.712553
10.5562 -0.714891 -0.711124
10.4848 -0.713456 -0.709697
10.4136 -0.712023 -0.708273
10.3426 -0.710594 -0.706852
10.2717 -0.709167 -0.705433
10.2009 -0.707743 -0.704018
10.1303 -0.706322 -0.702605
10.0598 -0.704904 -0.701195
9.98942 -0.703488 -0.699788
9.91921 -0.702076 -0.698384
9.84914 -0.700666 -0.696983
9.77922 -0.69926 -0.695584
9.70943 -0.697856 -0.694189
9.63978 -0.696454 -0.692796
9.57028 -0.695056 -0.691406
9.50091 -0.69366 -0.690018
9.43169 -0.692268 -0.688634
9.3626 -0.690878 -0.687252
9.29365 -0.689491 -0.685873
9.22484 -0.688106 -0.684497
9.15617 -0.686725 -0.683123
9.08763 -0.685346 -0.681753
9.01923 -0.68397 -0.680385
8.95097 -0.682596 -0.679019
8.88285 -0.681226 -0.677657
8.81487 -0.679858 -0.676297
8.74702 -0.678493 -0.67494
8.6793 -0.677131 -0.673586
8.61173 -0.675771 -0.672235
8.54429 -0.674414 -0.670886
8.47698 -0.67306 -0.66954
8.40981 -0.671709 -0.668196
8.34277 -0.67036 -0.666855
8.27587 -0.669014 -0.665517
8.2091 -0.667671 -0.664182
8.14247 -0.666331 -0.662849
8.07597 -0.664993 -0.661519
8.00961 -0.663658 -0.660192
7.94337 -0.662325 -0.658867
7.87727 -0.660995 -0.657545
7.81131 -0.659668 -0.656226
7.74547 -0.658344 -0.654909
7.67977 -0.657022 -0.653595
7.6142 -0.655703 -0.652284
7.54876 -0.654386 -0.650975
7.48345 -0.653072 -0.649669
7.41828 -0.651761 -0.648366
7.35323 -0.650452 -0.647065
7.28832 -0.649147 -0.645766
7.22353 -0.647843 -0.644471
7.15888 -0.646542 -0.643178
7.09436 -0.645244 -0.641887
7.02996 -0.643949 -0.640599
6.96569 -0.642656 -0.639314
6.90156 -0.641366 -0.638031
6.83755 -0.640078 -0.636751
6.77367 -0.638793 -0.635473
6.70992 -0.63751 -0.634198
6.6463 -0.63623 -0.632926
6.5828 -0.634953 -0.631656
6.51943 -0.633678 -0.630389
6.45619 -0.632406 -0.629124
6.39308 -0.631136 -0.627862
6.33009 -0.629869 -0.626602
6.26723 -0.628604 -0.625345
6.2045 -0.627342 -0.62409
6.14189 -0.626083 -0.622838
6.07941 -0.624826 -0.621588
6.01705 -0.623571 -0.620341
5.95482 -0.622319 -0.619096
5.89271 -0.62107 -0.617854
5.83073 -0.619823 -0.616615
5.76887 -0.618578 -0.615377
5.70714 -0.617337 -0.614143
5.64553 -0.616097 -0.612911
5.58404 -0.61486 -0.611681
5.52268 -0.613626 -0.610454
5.46144 -0.612394 -0.609229
5.40032 -0.611164 -0.608006
5.33933 -0.609937 -0.606787
5.27846 -0.608713 -0.605569
5.21771 -0.60749 -0.604354
5.15708 -0.606271 -0.603142
5.09658 -0.605054 -0.601932
5.03619 -0.603839 -0.600724
4.97593 -0.602626 -0.599519
4.91579 -0.601417 -0.598316
4.85577 -0.600209 -0.597115
4.79587 -0.599004 -0.595917
4.73609 -0.597801 -0.594722
4.67643 -0.596601 -0.593529
4.61689 -0.595403 -0.592338
4.55747 -0.594208 -0.591149
4.49816 -0.593015 -0.589963
4.43898 -0.591824 -0.58878
4.37992 -0.590636 -0.587598
4.32097 -0.58945 -0.586419
4.26215 -0.588267 -0.585243
4.20344 -0.587086 -0.584069
4.14485 -0.585907 -0.582897
4.08637 -0.584731 -0.581727
4.02802 -0.583557 -0.58056
3.96978 -0.582385 -0.579396
3.91166 -0.581216 -0.578233
3.85365 -0.580049 -0.577073
3.79577 -0.578885 -0.575915
3.73799 -0.577723 -0.57476
3.68034 -0.576563 -0.573607
3.6228 -0.575405 -0.572456
3.56537 -0.57425 -0.571307
3.50806 -0.573097 -0.570161
3.45087 -0.571946 -0.569017
3.39379 -0.570798 -0.567876
3.33682 -0.569652 -0.566736
3.27997 -0.568509 -0.565599
3.22323 -0.567367 -0.564465
3.16661 -0.566228 -0.563332
3.1101 -0.565091 -0.562202
3.05371 -0.563957 -0.561074
2.99742 -0.562825 -0.559948
2.94125 -0.561695 -0.558825
2.8852 -0.560567 -0.557704
2.82925 -0.559442 -0.556585
2.77342 -0.558318 -0.555468
2.7177 -0.557197 -0.554354
2.66209 -0.556079 -0.553242
2.6066 -0.554962 -0.552132
2.55121 -0.553848 -0.551024
2.49594 -0.552736 -0.549919
2.44078 -0.551627 -0.548816
2.38573 -0.550519 -0.547715
2.33078 -0.549414 -0.546616
2.27595 -0.548311 -0.545519
2.22123 -0.54721 -0.544425
2.16662 -0.546112 -0.543332
2.11212 -0.545015 -0.542242
2.05773 -0.543921 -0.541155
2.00344 -0.542829 -0.540069
1.94927 -0.541739 -0.538985
1.8952 -0.540652 -0.537904
1.84125 -0.539566 -0.536825
1.7874 -0.538483 -0.535748
1.73366 -0.537402 -0.534673
1.68003 -0.536323 -0.533601
1.6265 -0.535246 -0.53253
1.57309 -0.534172 -0.531462
1.51978 -0.533099 -0.530396
1.46657 -0.532029 -0.529331
1.41348 -0.530961 -0.52827
1.36049 -0.529895 -0.52721
1.3076 -0.528831 -0.526152
1.25483 -0.52777 -0.525097
1.20216 -0.52671 -0.524043
1.14959 -0.525653 -0.522992
1.09713 -0.524597 -0.521943
1.04478 -0.523544 -0.520896
0.992527 -0.522493 -0.519851
0.940383 -0.521444 -0.518808
0.888343 -0.520397 -0.517767
0.836408 -0.519353 -0.516728
0.784577 -0.51831 -0.515692
0.73285 -0.517269 -0.514657
0.681227 -0.516231 -0.513625
0.629707 -0.515195 -0.512594
0.578291 -0.51416 -0.511566
0.526979 -0.513128 -0.51054
0.475769 -0.512098 -0.509515
