9910.43 -25.5521
9907.84 -25.92
9905.21 -26.2879
9902.54 -26.6556
9899.84 -27.0232
9897.1 -27.3908
9894.33 -27.7582
9891.51 -28.1255
9888.66 -28.4927
9885.78 -28.8598
9882.86 -29.2267
9879.9 -29.5936
9876.9 -29.9603
9873.87 -30.3269
9870.8 -30.6934
9867.69 -31.0598
9864.55 -31.426
9861.37 -31.7921
9858.16 -32.1581
9854.9 -32.524
9851.61 -32.8897
9848.29 -33.2553
9844.93 -33.6208
9841.53 -33.9861
9838.09 -34.3513
9834.62 -34.7164
9831.11 -35.0813
9827.57 -35.4461
9823.99 -35.8107
9820.37 -36.1752
9816.72 -36.5396
9813.03 -36.9038
9809.3 -37.2678
9805.54 -37.6318
9801.74 -37.9955
9797.9 -38.3591
9794.03 -38.7226
9790.12 -39.0859
9786.17 -39.449
9782.19 -39.812
9778.18 -40.1748
9774.12 -40.5374
9770.03 -40.8999
9765.91 -41.2623
9761.74 -41.6244
9757.54 -41.9864
9753.31 -42.3483
9749.04 -42.7099
9744.73 -43.0714
9740.39 -43.4327
9736.01 -43.7938
9731.59 -44.1548
9727.14 -44.5156
9722.65 -44.8762
9718.13 -45.2366
9713.57 -45.5968
9708.97 -45.9569
9704.34 -46.3167
9699.68 -46.6764
9694.97 -47.0359
9690.23 -47.3952
9685.46 -47.7543
9680.65 -48.1132
9675.8 -48.472
9670.92 -48.8305
9666 -49.1888
9661.04 -49.5469
9656.05 -49.9048
9651.03 -50.2626
9645.96 -50.6201
9640.87 -50.9774
9635.73 -51.3345
9630.56 -51.6914
9625.36 -52.0481
9620.12 -52.4045
9614.84 -52.7608
9609.53 -53.1168
9604.18 -53.4727
9598.8 -53.8283
9593.38 -54.1837
9587.93 -54.5388
9582.44 -54.8938
9576.91 -55.2485
9571.35 -55.603
9565.76 -55.9573
9560.13 -56.3113
9554.46 -56.6651
9548.76 -57.0187
9543.02 -57.372
9537.25 -57.7252
9531.44 -58.078
9525.6 -58.4307
9519.72 -58.7831
9513.81 -59.1352
9507.86 -59.4871
9501.87 -59.8388
9495.85 -60.1902
9489.8 -60.5414
9483.71 -60.8923
9477.59 -61.243
9471.43 -61.5934
9465.23 -61.9436
9459 -62.2935
9452.74 -62.6432
9446.44 -62.9926
9440.11 -63.3417
9433.74 -63.6906
9427.33 -64.0392
9420.89 -64.3876
9414.42 -64.7357
9407.91 -65.0835
9401.37 -65.431
9394.79 -65.7783
9388.18 -66.1253
9381.53 -66.472
9374.85 -66.8185
9368.13 -67.1647
9361.38 -67.5106
9354.6 -67.8562
9347.78 -68.2016
9340.92 -68.5466
9334.03 -68.8914
9327.11 -69.2359
9320.15 -69.5801
9313.16 -69.924
9306.13 -70.2676
9299.07 -70.611
9291.97 -70.954
9284.84 -71.2967
9277.68 -71.6392
9270.48 -71.9813
9263.25 -72.3232
9255.98 -72.6647
9248.68 -73.0059
9241.35 -73.3469
9233.98 -73.6875
9226.58 -74.0278
9219.14 -74.3678
9211.67 -74.7075
9204.17 -75.0469
9196.63 -75.386
9189.05 -75.7247
9181.45 -76.0632
9173.81 -76.4013
9166.13 -76.7391
9158.43 -77.0766
9150.68 -77.4137
9142.91 -77.7506
9135.1 -78.0871
9127.26 -78.4232
9119.38 -78.7591
9111.47 -79.0946
9103.53 -79.4298
9095.55 -79.7646
9087.54 -80.0991
9079.5 -80.4333
9071.42 -80.7671
9063.31 -81.1006
9055.17 -81.4338
9046.99 -81.7666
9038.78 -82.099
9030.54 -82.4311
9022.26 -82.7629
9013.95 -83.0943
9005.61 -83.4253
8997.24 -83.7561
8988.83 -84.0864
8980.39 -84.4164
8971.91 -84.746
8963.4 -85.0753
8954.86 -85.4042
8946.29 -85.7328
8937.68 -86.061
8929.05 -86.3888
8920.37 -86.7162
8911.67 -87.0433
8902.93 -87.37
8894.16 -87.6964
8885.36 -88.0223
8876.53 -88.3479
8867.66 -88.6731
8858.76 -88.9979
8849.83 -89.3224
8840.86 -89.6465
8831.87 -89.9702
8822.84 -90.2935
8813.77 -90.6164
8804.68 -90.9389
8795.55 -91.261
8786.4 -91.5828
8777.21 -91.9041
8767.98 -92.2251
8758.73 -92.5456
8749.44 -92.8658
8740.12 -93.1856
8730.77 -93.5049
8721.39 -93.8239
8711.98 -94.1425
8702.53 -94.4606
8693.05 -94.7784
8683.54 -95.0957
8674 -95.4126
8664.43 -95.7291
8654.82 -96.0452
8645.19 -96.3609
8635.52 -96.6762
8625.82 -96.991
8616.09 -97.3055
8606.33 -97.6195
8596.54 -97.9331
8586.71 -98.2462
8576.85 -98.559
8566.97 -98.8713
8557.05 -99.1831
8547.1 -99.4946
8537.12 -99.8056
8527.11 -100.116
8517.07 -100.426
8506.99 -100.736
8496.89 -101.045
8486.75 -101.354
8476.59 -101.663
8466.39 -101.97
8456.16 -102.278
8445.9 -102.585
8435.61 -102.892
8425.29 -103.198
8414.94 -103.504
8404.56 -103.809
8394.15 -104.114
8383.71 -104.418
8373.24 -104.722
8362.73 -105.025
8352.2 -105.328
8341.64 -105.631
8331.04 -105.933
8320.42 -106.234
8309.77 -106.535
8299.08 -106.836
8288.37 -107.136
8277.63 -107.436
8266.85 -107.735
8256.05 -108.034
8245.22 -108.332
8234.35 -108.63
8223.46 -108.927
8212.54 -109.224
8201.59 -109.521
8190.6 -109.816
8179.59 -110.112
8168.55 -110.407
8157.48 -110.701
8146.38 -110.995
8135.25 -111.288
8124.1 -111.581
8112.91 -111.874
8101.69 -112.166
8090.45 -112.457
8079.17 -112.748
8067.87 -113.039
8056.54 -113.329
8045.17 -113.618
8033.78 -113.907
8022.36 -114.196
8010.91 -114.483
7999.44 -114.771
7987.93 -115.058
7976.4 -115.344
7964.83 -115.63
7953.24 -115.915
7941.62 -116.2
7929.97 -116.485
7918.3 -116.768
7906.59 -117.052
7894.86 -117.335
7883.1 -117.617
7871.31 -117.899
7859.49 -118.18
7847.64 -118.46
7835.77 -118.741
7823.87 -119.02
7811.94 -119.299
7799.98 -119.578
7787.99 -119.856
7775.98 -120.133
7763.94 -120.41
7751.87 -120.687
7739.77 -120.962
7727.65 -121.238
7715.5 -121.512
7703.32 -121.787
7691.12 -122.06
7678.88 -122.333
7666.62 -122.606
7654.33 -122.878
7642.02 -123.149
7629.68 -123.42
7617.31 -123.691
7604.91 -123.96
7592.49 -124.23
7580.04 -124.498
7567.56 -124.766
7555.06 -125.034
7542.53 -125.301
7529.97 -125.567
7517.39 -125.833
7504.78 -126.098
7492.14 -126.363
7479.48 -126.627
7466.79 -126.891
7454.08 -127.154
7441.33 -127.416
7428.57 -127.678
7415.77 -127.939
7402.95 -128.2
7390.11 -128.46
7377.23 -128.72
7364.34 -128.978
7351.41 -129.237
7338.46 -129.495
7325.49 -129.752
7312.49 -130.008
7299.46 -130.264
7286.41 -130.52
7273.33 -130.774
7260.23 -131.029
7247.1 -131.282
7233.95 -131.535
7220.77 -131.788
7207.56 -132.039
7194.33 -132.291
7181.08 -132.541
7167.8 -132.791
7154.5 -133.04
7141.17 -133.289
7127.81 -133.537
7114.44 -133.785
7101.03 -134.032
7087.61 -134.278
7074.15 -134.524
7060.68 -134.769
7047.17 -135.014
7033.65 -135.257
7020.1 -135.501
7006.52 -135.743
6992.93 -135.985
6979.3 -136.227
6965.66 -136.467
6951.99 -136.708
6938.29 -136.947
6924.57 -137.186
6910.83 -137.424
6897.07 -137.579
6883.31 -137.638
6869.55 -137.621
6855.79 -137.546
6842.05 -137.426
6828.32 -137.271
6814.61 -137.09
6800.92 -136.888
6787.26 -136.67
6773.61 -136.44
6759.99 -136.2
6746.4 -135.953
6732.83 -135.701
6719.28 -135.445
6705.76 -135.186
6692.27 -134.925
6678.81 -134.662
6665.37 -134.397
6651.95 -134.133
6638.57 -133.867
6625.21 -133.602
6611.87 -133.336
6598.57 -133.07
6585.28 -132.805
6572.03 -132.54
6558.8 -132.275
6545.6 -132.011
6532.43 -131.747
6519.28 -131.483
6506.16 -131.22
6493.06 -130.957
6479.99 -130.695
6466.95 -130.433
6453.93 -130.172
6440.94 -129.911
6427.98 -129.651
6415.04 -129.391
6402.12 -129.132
6389.24 -128.873
6376.37 -128.615
6363.54 -128.357
6350.73 -128.1
6337.94 -127.844
6325.19 -127.587
6312.45 -127.332
6299.74 -127.077
6287.06 -126.822
6274.41 -126.568
6261.77 -126.314
6249.17 -126.061
6236.59 -125.809
6224.03 -125.557
6211.5 -125.305
6199 -125.054
6186.52 -124.804
6174.06 -124.553
6161.63 -124.304
6149.22 -124.055
6136.84 -123.806
6124.49 -123.558
6112.16 -123.311
6099.85 -123.064
6087.57 -122.817
6075.31 -122.571
6063.08 -122.326
6050.87 -122.08
6038.69 -121.836
6026.53 -121.592
6014.39 -121.348
6002.28 -121.105
5990.2 -120.862
5978.13 -120.62
5966.1 -120.379
5954.08 -120.137
5942.09 -119.897
5930.13 -119.657
5918.19 -119.417
5906.27 -119.178
5894.37 -118.939
5882.5 -118.701
5870.66 -118.463
5858.84 -118.225
5847.04 -117.989
5835.26 -117.752
5823.51 -117.516
5811.78 -117.281
5800.08 -117.046
5788.4 -116.811
5776.74 -116.577
5765.1 -116.344
5753.49 -116.111
5741.9 -115.878
5730.34 -115.646
5718.8 -115.414
5707.28 -115.183
5695.79 -114.952
5684.31 -114.722
5672.86 -114.492
5661.44 -114.263
5650.03 -114.034
5638.65 -113.805
5627.3 -113.578
5615.96 -113.35
5604.65 -113.123
5593.36 -112.896
5582.09 -112.67
5570.85 -112.444
5559.63 -112.219
5548.43 -111.994
5537.25 -111.77
5526.09 -111.546
5514.96 -111.323
5503.85 -111.1
5492.76 -110.877
5481.7 -110.655
5470.66 -110.433
5459.63 -110.212
5448.64 -109.991
5437.66 -109.771
5426.7 -109.551
5415.77 -109.331
5404.86 -109.112
5393.97 -108.894
5383.1 -108.676
5372.26 -108.458
5361.43 -108.241
5350.63 -108.024
5339.85 -107.807
5329.09 -107.591
5318.35 -107.376
5307.64 -107.161
5296.94 -106.946
5286.27 -106.732
5275.62 -106.518
5264.99 -106.305
5254.38 -106.092
5243.79 -105.879
5233.22 -105.667
5222.68 -105.455
5212.15 -105.244
5201.65 -105.033
5191.17 -104.823
5180.71 -104.613
5170.27 -104.403
5159.85 -104.194
5149.45 -103.985
5139.07 -103.777
5128.71 -103.569
5118.38 -103.362
5108.06 -103.155
5097.77 -102.948
5087.49 -102.742
5077.24 -102.536
5067.01 -102.33
5056.79 -102.125
5046.6 -101.921
5036.43 -101.717
5026.28 -101.513
5016.15 -101.31
5006.04 -101.107
4995.95 -100.904
4985.88 -100.702
4975.83 -100.5
4965.8 -100.299
4955.79 -100.098
4945.8 -99.8974
4935.83 -99.6972
4925.88 -99.4975
4915.95 -99.2982
4906.04 -99.0992
4896.15 -98.9007
4886.28 -98.7026
4876.43 -98.5048
4866.6 -98.3075
4856.78 -98.1106
4846.99 -97.914
4837.22 -97.7179
4827.47 -97.5221
4817.74 -97.3267
4808.02 -97.1317
4798.33 -96.9371
4788.66 -96.7429
4779 -96.5491
4769.36 -96.3557
4759.75 -96.1627
4750.15 -95.97
4740.57 -95.7778
4731.02 -95.5859
4721.48 -95.3944
4711.96 -95.2033
4702.45 -95.0125
4692.97 -94.8222
4683.51 -94.6322
4674.06 -94.4426
4664.64 -94.2534
4655.23 -94.0646
4645.84 -93.8762
4636.48 -93.6881
4627.13 -93.5004
4617.79 -93.3131
4608.48 -93.1261
4599.19 -92.9396
4589.91 -92.7534
4580.66 -92.5675
4571.42 -92.3821
4562.2 -92.197
4553 -92.0123
4543.81 -91.828
4534.65 -91.644
4525.5 -91.4604
4516.38 -91.2772
4507.27 -91.0943
4498.18 -90.9118
4489.1 -90.7296
4480.05 -90.5479
4471.01 -90.3665
4461.99 -90.1854
4452.99 -90.0047
4444.01 -89.8244
4435.05 -89.6445
4426.1 -89.4649
4417.17 -89.2856
4408.26 -89.1067
4399.37 -88.9282
4390.49 -88.75
4381.63 -88.5722
4372.79 -88.3948
4363.97 -88.2177
4355.17 -88.0409
4346.38 -87.8646
4337.61 -87.6885
4328.86 -87.5128
4320.13 -87.3375
4311.41 -87.1625
4302.71 -86.9879
4294.03 -86.8136
4285.37 -86.6397
4276.72 -86.4661
4268.09 -86.2929
4259.48 -86.12
4250.89 -85.9474
4242.31 -85.7752
4233.75 -85.6034
4225.2 -85.4319
4216.68 -85.2607
4208.17 -85.0899
4199.68 -84.9194
4191.2 -84.7492
4182.74 -84.5794
4174.3 -84.41
4165.88 -84.2409
4157.47 -84.0721
4149.08 -83.9036
4140.71 -83.7355
4132.35 -83.5678
4124.01 -83.4003
4115.69 -83.2332
4107.38 -83.0664
4099.09 -82.9
4090.82 -82.7339
4082.56 -82.5681
4074.32 -82.4027
4066.1 -82.2376
4057.89 -82.0728
4049.7 -81.9084
4041.52 -81.7443
4033.37 -81.5805
4025.23 -81.417
4017.1 -81.2539
4008.99 -81.0911
4000.9 -80.9286
3992.82 -80.7665
3984.76 -80.6046
3976.72 -80.4431
3968.69 -80.2819
3960.68 -80.1211
3952.68 -79.9606
3944.7 -79.8003
3936.74 -79.6404
3928.79 -79.4809
3920.86 -79.3216
3912.94 -79.1627
3905.04 -79.0041
3897.15 -78.8457
3889.29 -78.6878
3881.43 -78.5301
3873.6 -78.3727
3865.77 -78.2157
3857.97 -78.059
3850.18 -77.9026
3842.4 -77.7465
3834.64 -77.5907
3826.9 -77.4352
3819.17 -77.28
3811.46 -77.1252
3803.76 -76.9707
3796.08 -76.8164
3788.41 -76.6625
3780.76 -76.5089
3773.13 -76.3556
3765.51 -76.2026
3757.9 -76.0499
3750.31 -75.8975
3742.74 -75.7454
3735.18 -75.5936
3727.64 -75.4421
3720.11 -75.291
3712.59 -75.1401
3705.09 -74.9895
3697.61 -74.8393
3690.14 -74.6893
3682.69 -74.5396
3675.25 -74.3903
3667.82 -74.2412
3660.41 -74.0924
3653.02 -73.9439
3645.64 -73.7958
3638.28 -73.6479
3630.93 -73.5003
3623.59 -73.353
3616.27 -73.206
3608.96 -73.0593
3601.67 -72.9129
3594.4 -72.7668
3587.13 -72.621
3579.89 -72.4755
3572.65 -72.3302
3565.43 -72.1853
3558.23 -72.0406
3551.04 -71.8963
3543.87 -71.7522
3536.7 -71.6084
3529.56 -71.4649
3522.43 -71.3217
3515.31 -71.1787
3508.2 -71.0361
3501.12 -70.8937
3494.04 -70.7517
3486.98 -70.6099
3479.93 -70.4684
3472.9 -70.3272
3465.88 -70.1862
3458.88 -70.0456
3451.89 -69.9052
3444.91 -69.7651
3437.95 -69.6253
3431 -69.4858
3424.06 -69.3465
3417.14 -69.2075
3410.24 -69.0688
3403.34 -68.9304
3396.46 -68.7923
3389.6 -68.6544
3382.75 -68.5168
3375.91 -68.3795
3369.08 -68.2424
3362.27 -68.1057
3355.48 -67.9692
3348.69 -67.833
3341.92 -67.697
3335.17 -67.5613
3328.42 -67.4259
3321.7 -67.2908
3314.98 -67.1559
3308.28 -67.0214
3301.59 -66.887
3294.91 -66.753
3288.25 -66.6192
3281.6 -66.4857
3274.97 -66.3524
3268.35 -66.2194
3261.74 -66.0867
3255.14 -65.9543
3248.56 -65.8221
3241.99 -65.6902
3235.44 -65.5585
3228.89 -65.4271
3222.36 -65.296
3215.85 -65.1651
3209.34 -65.0345
3202.85 -64.9041
3196.38 -64.7741
3189.91 -64.6442
3183.46 -64.5147
3177.02 -64.3854
3170.6 -64.2563
3164.18 -64.1275
3157.78 -63.999
3151.4 -63.8707
3145.02 -63.7427
3138.66 -63.6149
3132.31 -63.4874
3125.97 -63.3602
3119.65 -63.2332
3113.34 -63.1064
3107.04 -62.9799
3100.76 -62.8537
3094.48 -62.7277
3088.22 -62.602
3081.98 -62.4765
3075.74 -62.3513
3069.52 -62.2263
3063.31 -62.1016
3057.11 -61.9771
3050.93 -61.8529
3044.75 -61.7289
3038.59 -61.6052
3032.44 -61.4817
3026.31 -61.3584
3020.19 -61.2354
3014.07 -61.1127
3007.97 -60.9902
3001.89 -60.8679
2995.81 -60.7459
2989.75 -60.6242
2983.7 -60.5027
2977.66 -60.3814
2971.64 -60.2603
2965.62 -60.1395
2959.62 -60.019
2953.63 -59.8987
2947.65 -59.7786
2941.69 -59.6588
2935.73 -59.5392
2929.79 -59.4198
2923.86 -59.3007
2917.94 -59.1819
2912.04 -59.0632
2906.14 -58.9448
2900.26 -58.8267
2894.39 -58.7087
2888.53 -58.591
2882.68 -58.4736
2876.85 -58.3564
2871.02 -58.2394
2865.21 -58.1226
2859.41 -58.0061
2853.62 -57.8898
2847.84 -57.7738
2842.08 -57.658
2836.32 -57.5424
2830.58 -57.427
2824.85 -57.3119
2819.13 -57.197
2813.42 -57.0824
2807.72 -56.9679
2802.04 -56.8537
2796.37 -56.7397
2790.7 -56.626
2785.05 -56.5125
2779.41 -56.3992
2773.78 -56.2861
2768.17 -56.1733
2762.56 -56.0607
2756.96 -55.9483
2751.38 -55.8361
2745.81 -55.7242
2740.25 -55.6124
2734.7 -55.501
2729.16 -55.3897
2723.63 -55.2786
2718.11 -55.1678
2712.61 -55.0572
2707.11 -54.9468
2701.63 -54.8367
2696.16 -54.7267
2690.7 -54.617
2685.24 -54.5075
2679.8 -54.3982
2674.38 -54.2892
2668.96 -54.1803
2663.55 -54.0717
2658.15 -53.9633
2652.77 -53.8551
2647.39 -53.7471
2642.03 -53.6394
2636.68 -53.5318
2631.33 -53.4245
2626 -53.3174
2620.68 -53.2105
2615.37 -53.1038
2610.07 -52.9973
2604.78 -52.8911
2599.5 -52.785
2594.24 -52.6792
2588.98 -52.5736
2583.73 -52.4681
2578.5 -52.3629
2573.27 -52.258
2568.05 -52.1532
2562.85 -52.0486
2557.66 -51.9443
2552.47 -51.8401
2547.3 -51.7362
2542.13 -51.6324
2536.98 -51.5289
2531.84 -51.4256
2526.71 -51.3225
2521.58 -51.2196
2516.47 -51.1169
2511.37 -51.0144
2506.28 -50.9121
2501.2 -50.81
2496.13 -50.7081
2491.07 -50.6064
2486.02 -50.505
2480.98 -50.4037
2475.95 -50.3026
2470.93 -50.2018
2465.92 -50.1011
2460.92 -50.0006
2455.93 -49.9004
2450.95 -49.8003
2445.98 -49.7004
2441.02 -49.6008
2436.07 -49.5013
2431.13 -49.4021
2426.2 -49.303
2421.28 -49.2041
2416.36 -49.1055
2411.46 -49.007
2406.57 -48.9087
2401.69 -48.8107
2396.82 -48.7128
2391.96 -48.6151
2387.11 -48.5176
2382.27 -48.4203
2377.43 -48.3232
2372.61 -48.2263
2367.8 -48.1296
2362.99 -48.0331
2358.2 -47.9368
2353.42 -47.8406
2348.64 -47.7447
2343.88 -47.649
2339.12 -47.5534
2334.38 -47.458
2329.64 -47.3629
2324.91 -47.2679
2320.2 -47.1731
2315.49 -47.0785
2310.79 -46.9841
2306.1 -46.8899
2301.42 -46.7958
2296.75 -46.702
2292.09 -46.6083
2287.44 -46.5149
2282.8 -46.4216
2278.16 -46.3285
2273.54 -46.2356
2268.93 -46.1428
2264.32 -46.0503
2259.72 -45.958
2255.14 -45.8658
2250.56 -45.7738
2245.99 -45.682
2241.43 -45.5904
2236.88 -45.499
2232.34 -45.4077
2227.81 -45.3166
2223.29 -45.2258
2218.77 -45.135
2214.27 -45.0445
2209.78 -44.9542
2205.29 -44.864
2200.81 -44.7741
2196.34 -44.6843
2191.88 -44.5946
2187.43 -44.5052
2182.99 -44.4159
2178.56 -44.3269
2174.13 -44.238
2169.72 -44.1492
2165.31 -44.0607
2160.92 -43.9723
2156.53 -43.8841
2152.15 -43.7961
2147.78 -43.7083
2143.42 -43.6206
2139.06 -43.5331
2134.72 -43.4458
2130.38 -43.3587
2126.05 -43.2717
2121.74 -43.1849
2117.43 -43.0983
2113.13 -43.0118
2108.83 -42.9256
2104.55 -42.8395
2100.27 -42.7535
2096.01 -42.6678
2091.75 -42.5822
2087.5 -42.4968
2083.26 -42.4116
2079.02 -42.3265
2074.8 -42.2416
2070.59 -42.1569
2066.38 -42.0723
2062.18 -41.9879
2057.99 -41.9037
2053.81 -41.8197
2049.63 -41.7358
2045.47 -41.6521
2041.31 -41.5685
2037.16 -41.4851
2033.02 -41.4019
2028.89 -41.3189
2024.77 -41.236
2020.65 -41.1533
2016.54 -41.0707
2012.45 -40.9883
2008.35 -40.9061
2004.27 -40.8241
2000.2 -40.7422
1996.13 -40.6605
1992.07 -40.5789
1988.02 -40.4975
1983.98 -40.4163
1979.95 -40.3352
1975.92 -40.2543
1971.91 -40.1735
1967.9 -40.0929
1963.9 -40.0125
1959.9 -39.9323
1955.92 -39.8521
1951.94 -39.7722
1947.97 -39.6924
1944.01 -39.6128
1940.06 -39.5333
1936.11 -39.454
1932.17 -39.3749
1928.24 -39.2959
1924.32 -39.2171
1920.41 -39.1384
1916.5 -39.0599
1912.6 -38.9815
1908.71 -38.9033
1904.83 -38.8253
1900.96 -38.7474
1897.09 -38.6697
1893.23 -38.5921
1889.38 -38.5147
1885.54 -38.4374
1881.7 -38.3603
1877.87 -38.2833
1874.05 -38.2065
1870.24 -38.1299
1866.43 -38.0534
1862.63 -37.9771
1858.84 -37.9009
1855.06 -37.8248
1851.29 -37.749
1847.52 -37.6732
1843.76 -37.5976
1840.01 -37.5222
1836.26 -37.4469
1832.53 -37.3718
1828.8 -37.2968
1825.07 -37.222
1821.36 -37.1473
1817.65 -37.0728
1813.95 -36.9984
1810.26 -36.9242
1806.57 -36.8501
1802.9 -36.7762
1799.23 -36.7024
1795.56 -36.6288
1791.91 -36.5553
1788.26 -36.4819
1784.62 -36.4088
1780.99 -36.3357
1777.36 -36.2628
1773.74 -36.1901
1770.13 -36.1174
1766.52 -36.045
1762.93 -35.9727
1759.34 -35.9005
1755.75 -35.8285
1752.18 -35.7566
1748.61 -35.6848
1745.05 -35.6132
1741.49 -35.5418
1737.95 -35.4705
1734.41 -35.3993
1730.87 -35.3283
1727.35 -35.2574
1723.83 -35.1867
1720.32 -35.1161
1716.81 -35.0456
1713.32 -34.9753
1709.83 -34.9051
1706.34 -34.8351
1702.87 -34.7652
1699.4 -34.6954
1695.93 -34.6258
1692.48 -34.5563
1689.03 -34.487
1685.59 -34.4178
1682.15 -34.3487
1678.72 -34.2798
1675.3 -34.211
1671.89 -34.1424
1668.48 -34.0739
1665.08 -34.0055
1661.69 -33.9373
1658.3 -33.8692
1654.92 -33.8012
1651.55 -33.7334
1648.18 -33.6657
1644.82 -33.5982
1641.47 -33.5307
1638.12 -33.4635
1634.78 -33.3963
1631.45 -33.3293
1628.12 -33.2624
1624.8 -33.1957
1621.49 -33.1291
1618.18 -33.0626
1614.88 -32.9963
1611.59 -32.93
1608.31 -32.864
1605.03 -32.798
1601.75 -32.7322
1598.49 -32.6665
1595.23 -32.601
1591.97 -32.5356
1588.72 -32.4703
1585.48 -32.4051
1582.25 -32.3401
1579.02 -32.2752
1575.8 -32.2104
1572.59 -32.1458
1569.38 -32.0813
1566.18 -32.0169
1562.98 -31.9526
1559.79 -31.8885
1556.61 -31.8245
1553.43 -31.7607
1550.26 -31.6969
1547.1 -31.6333
1543.94 -31.5699
1540.79 -31.5065
1537.65 -31.4433
1534.51 -31.3802
1531.38 -31.3172
1528.25 -31.2544
1525.14 -31.1916
1522.02 -31.129
1518.92 -31.0666
1515.82 -31.0042
1512.72 -30.942
1509.63 -30.8799
1506.55 -30.8179
1503.48 -30.7561
1500.41 -30.6944
1497.34 -30.6328
1494.29 -30.5713
1491.23 -30.5099
1488.19 -30.4487
1485.15 -30.3876
1482.12 -30.3266
1479.09 -30.2658
1476.07 -30.205
1473.06 -30.1444
1470.05 -30.0839
1467.05 -30.0235
1464.05 -29.9633
1461.06 -29.9031
1458.08 -29.8431
1455.1 -29.7832
1452.12 -29.7235
1449.16 -29.6638
1446.2 -29.6043
1443.24 -29.5449
1440.29 -29.4856
1437.35 -29.4264
1434.42 -29.3673
1431.48 -29.3084
1428.56 -29.2496
1425.64 -29.1909
1422.73 -29.1323
1419.82 -29.0738
1416.92 -29.0155
1414.02 -28.9572
1411.13 -28.8991
1408.25 -28.8411
1405.37 -28.7832
1402.5 -28.7255
1399.63 -28.6678
1396.77 -28.6103
1393.91 -28.5528
1391.07 -28.4955
1388.22 -28.4383
1385.38 -28.3813
1382.55 -28.3243
1379.72 -28.2675
1376.9 -28.2107
1374.09 -28.1541
1371.28 -28.0976
1368.47 -28.0412
1365.68 -27.9849
1362.88 -27.9287
1360.1 -27.8727
1357.31 -27.8167
1354.54 -27.7609
1351.77 -27.7052
1349 -27.6496
1346.24 -27.5941
1343.49 -27.5387
1340.74 -27.4834
1338 -27.4283
1335.26 -27.3732
1332.53 -27.3183
1329.8 -27.2634
1327.08 -27.2087
1324.37 -27.1541
1321.66 -27.0996
1318.95 -27.0452
1316.25 -26.9909
1313.56 -26.9367
1310.87 -26.8827
1308.19 -26.8287
1305.51 -26.7749
1302.84 -26.7211
1300.17 -26.6675
1297.51 -26.6139
1294.85 -26.5605
1292.2 -26.5072
1289.56 -26.454
1286.92 -26.4009
1284.28 -26.3479
1281.65 -26.295
1279.03 -26.2422
1276.41 -26.1896
1273.8 -26.137
1271.19 -26.0845
1268.58 -26.0322
1265.99 -25.9799
1263.39 -25.9278
1260.81 -25.8757
1258.22 -25.8238
1255.65 -25.7719
1253.07 -25.7202
1250.51 -25.6686
1247.95 -25.6171
1245.39 -25.5656
1242.84 -25.5143
1240.29 -25.4631
1237.75 -25.412
1235.21 -25.361
1232.68 -25.3101
1230.16 -25.2593
1227.64 -25.2086
1225.12 -25.1579
1222.61 -25.1074
1220.1 -25.057
1217.6 -25.0067
1215.11 -24.9565
1212.62 -24.9064
1210.13 -24.8564
1207.65 -24.8066
1205.18 -24.7568
1202.7 -24.7071
1200.24 -24.6575
1197.78 -24.608
1195.32 -24.5586
1192.87 -24.5093
1190.43 -24.4601
1187.98 -24.411
1185.55 -24.362
1183.12 -24.313
1180.69 -24.2642
1178.27 -24.2155
1175.85 -24.1669
1173.44 -24.1184
1171.03 -24.07
1168.63 -24.0217
1166.23 -23.9734
1163.84 -23.9253
1161.45 -23.8773
1159.07 -23.8293
1156.69 -23.7815
1154.32 -23.7338
1151.95 -23.6861
1149.59 -23.6386
1147.23 -23.5911
1144.87 -23.5437
1142.52 -23.4965
1140.18 -23.4493
1137.84 -23.4022
1135.5 -23.3553
1133.17 -23.3084
1130.85 -23.2616
1128.52 -23.2149
1126.21 -23.1683
1123.9 -23.1218
1121.59 -23.0753
1119.28 -23.029
1116.99 -22.9828
1114.69 -22.9366
1112.4 -22.8906
1110.12 -22.8446
1107.84 -22.7988
1105.56 -22.753
1103.29 -22.7073
1101.03 -22.6617
1098.77 -22.6162
1096.51 -22.5708
1094.26 -22.5255
1092.01 -22.4803
1089.76 -22.4351
1087.53 -22.3901
1085.29 -22.3452
1083.06 -22.3003
1080.84 -22.2555
1078.61 -22.2108
1076.4 -22.1662
1074.19 -22.1217
1071.98 -22.0773
1069.77 -22.033
1067.58 -21.9888
1065.38 -21.9446
1063.19 -21.9006
1061.01 -21.8566
1058.82 -21.8127
1056.65 -21.7689
1054.47 -21.7252
1052.31 -21.6816
1050.14 -21.6381
1047.98 -21.5946
1045.83 -21.5512
1043.68 -21.508
1041.53 -21.4648
1039.39 -21.4217
1037.25 -21.3787
1035.12 -21.3358
1032.99 -21.2929
1030.86 -21.2502
1028.74 -21.2075
1026.63 -21.1649
1024.51 -21.1224
1022.41 -21.08
1020.3 -21.0377
1018.2 -20.9955
1016.11 -20.9533
1014.02 -20.9112
1011.93 -20.8692
1009.85 -20.8273
1007.77 -20.7855
1005.69 -20.7438
1003.62 -20.7021
1001.56 -20.6606
999.495 -20.6191
997.437 -20.5777
995.383 -20.5364
993.334 -20.4951
991.289 -20.454
989.247 -20.4129
987.21 -20.3719
985.177 -20.331
983.148 -20.2902
981.123 -20.2495
979.102 -20.2088
977.085 -20.1682
975.073 -20.1277
973.064 -20.0873
971.059 -20.047
969.058 -20.0067
967.062 -19.9666
965.069 -19.9265
963.081 -19.8864
961.096 -19.8465
959.115 -19.8067
957.139 -19.7669
955.166 -19.7272
953.197 -19.6876
951.232 -19.6481
949.271 -19.6086
947.314 -19.5692
945.361 -19.5299
943.412 -19.4907
941.467 -19.4516
939.526 -19.4125
937.589 -19.3735
935.655 -19.3346
933.726 -19.2958
931.8 -19.2571
929.878 -19.2184
927.96 -19.1798
926.046 -19.1413
924.136 -19.1029
922.229 -19.0645
920.327 -19.0262
918.428 -18.988
916.533 -18.9499
914.642 -18.9118
912.754 -18.8739
910.871 -18.836
908.991 -18.7981
907.115 -18.7604
905.242 -18.7227
903.374 -18.6851
901.509 -18.6476
899.648 -18.6102
897.791 -18.5728
895.937 -18.5355
894.088 -18.4983
892.241 -18.4611
890.399 -18.424
888.56 -18.387
886.725 -18.3501
884.894 -18.3133
883.066 -18.2765
881.242 -18.2398
879.422 -18.2032
877.605 -18.1666
875.792 -18.1301
873.983 -18.0937
872.177 -18.0574
870.375 -18.0211
868.577 -17.9849
866.782 -17.9488
864.99 -17.9128
863.203 -17.8768
861.419 -17.8409
859.638 -17.8051
857.861 -17.7693
856.088 -17.7336
854.318 -17.698
852.552 -17.6625
850.789 -17.627
849.03 -17.5916
847.274 -17.5563
845.522 -17.521
843.774 -17.4859
842.029 -17.4507
840.287 -17.4157
838.549 -17.3807
836.814 -17.3458
835.083 -17.311
833.356 -17.2762
831.631 -17.2415
829.911 -17.2069
828.194 -17.1723
826.48 -17.1379
824.769 -17.1034
823.063 -17.0691
821.359 -17.0348
819.659 -17.0006
817.962 -16.9665
816.269 -16.9324
814.579 -16.8984
812.893 -16.8644
811.21 -16.8306
809.53 -16.7968
807.854 -16.763
806.181 -16.7294
804.511 -16.6958
802.845 -16.6623
801.182 -16.6288
799.523 -16.5954
797.866 -16.5621
796.214 -16.5288
794.564 -16.4956
792.918 -16.4625
791.275 -16.4294
789.635 -16.3964
787.999 -16.3635
786.366 -16.3306
784.736 -16.2978
783.109 -16.2651
781.486 -16.2324
779.866 -16.1998
778.249 -16.1673
776.636 -16.1348
775.026 -16.1024
773.419 -16.0701
771.815 -16.0378
770.214 -16.0056
768.617 -15.9735
767.023 -15.9414
765.432 -15.9094
763.844 -15.8774
762.26 -15.8455
760.678 -15.8137
759.1 -15.7819
757.525 -15.7502
755.953 -15.7186
754.384 -15.687
752.819 -15.6555
751.257 -15.6241
749.697 -15.5927
748.141 -15.5614
746.588 -15.5302
745.038 -15.499
743.491 -15.4678
741.948 -15.4368
740.407 -15.4058
738.87 -15.3748
737.335 -15.3439
735.804 -15.3131
734.276 -15.2824
732.751 -15.2517
731.228 -15.221
729.709 -15.1905
728.193 -15.16
726.68 -15.1295
725.171 -15.0991
723.664 -15.0688
722.16 -15.0385
720.659 -15.0083
719.161 -14.9782
717.666 -14.9481
716.175 -14.9181
714.686 -14.8881
713.2 -14.8582
711.717 -14.8284
710.237 -14.7986
708.76 -14.7689
707.286 -14.7392
705.815 -14.7096
704.347 -14.6801
702.882 -14.6506
701.42 -14.6212
699.961 -14.5918
698.505 -14.5625
697.052 -14.5332
695.601 -14.504
694.154 -14.4749
692.709 -14.4458
691.267 -14.4168
689.829 -14.3879
688.393 -14.359
686.96 -14.3301
685.53 -14.3013
684.102 -14.2726
682.678 -14.244
681.256 -14.2153
679.838 -14.1868
678.422 -14.1583
677.009 -14.1299
675.599 -14.1015
674.191 -14.0732
672.787 -14.0449
671.385 -14.0167
669.986 -13.9885
668.59 -13.9604
667.197 -13.9324
665.807 -13.9044
664.419 -13.8765
663.034 -13.8486
661.652 -13.8208
660.273 -13.793
658.896 -13.7653
657.522 -13.7377
656.151 -13.7101
654.783 -13.6825
653.418 -13.6551
652.055 -13.6276
650.695 -13.6003
649.338 -13.573
647.983 -13.5457
646.631 -13.5185
645.282 -13.4913
643.936 -13.4642
642.592 -13.4372
641.251 -13.4102
639.913 -13.3833
638.577 -13.3564
637.244 -13.3295
635.914 -13.3028
634.586 -13.2761
633.261 -13.2494
631.939 -13.2228
630.619 -13.1962
629.302 -13.1697
627.988 -13.1433
626.676 -13.1169
625.367 -13.0905
624.061 -13.0642
622.757 -13.038
621.456 -13.0118
620.157 -12.9856
618.861 -12.9596
617.568 -12.9335
616.277 -12.9076
614.989 -12.8816
613.703 -12.8558
612.42 -12.8299
611.14 -12.8042
609.862 -12.7784
608.587 -12.7528
607.314 -12.7272
606.044 -12.7016
604.776 -12.6761
603.511 -12.6506
602.249 -12.6252
600.989 -12.5998
599.731 -12.5745
598.476 -12.5493
597.224 -12.5241
595.974 -12.4989
594.727 -12.4738
593.482 -12.4488
592.24 -12.4237
591 -12.3988
589.762 -12.3739
588.527 -12.349
587.295 -12.3242
586.065 -12.2995
584.838 -12.2748
583.613 -12.2501
582.39 -12.2255
581.17 -12.2009
579.952 -12.1764
578.737 -12.152
577.524 -12.1276
576.314 -12.1032
575.106 -12.0789
573.901 -12.0546
572.698 -12.0304
571.497 -12.0063
570.299 -11.9821
569.103 -11.9581
567.91 -11.934
566.719 -11.9101
565.53 -11.8861
564.344 -11.8623
563.16 -11.8384
561.978 -11.8147
560.799 -11.7909
559.623 -11.7672
558.448 -11.7436
557.276 -11.72
556.107 -11.6965
554.939 -11.673
553.774 -11.6495
552.612 -11.6261
551.451 -11.6028
550.293 -11.5795
549.138 -11.5562
547.985 -11.533
546.834 -11.5098
545.685 -11.4867
544.539 -11.4636
543.394 -11.4406
542.253 -11.4176
541.113 -11.3947
539.976 -11.3718
538.841 -11.349
537.709 -11.3262
536.578 -11.3034
535.45 -11.2807
534.324 -11.258
533.201 -11.2354
532.079 -11.2129
530.96 -11.1903
529.844 -11.1678
528.729 -11.1454
527.617 -11.123
526.507 -11.1007
525.399 -11.0784
524.293 -11.0561
523.19 -11.0339
522.089 -11.0118
520.99 -10.9896
519.893 -10.9676
518.798 -10.9455
517.706 -10.9235
516.616 -10.9016
515.528 -10.8797
514.442 -10.8578
513.359 -10.836
512.277 -10.8143
511.198 -10.7925
510.121 -10.7709
509.046 -10.7492
507.973 -10.7276
506.903 -10.7061
505.834 -10.6846
504.768 -10.6631
503.704 -10.6417
502.642 -10.6203
501.582 -10.599
500.524 -10.5777
499.468 -10.5564
498.415 -10.5352
497.363 -10.5141
496.314 -10.4929
495.267 -10.4719
494.222 -10.4508
493.179 -10.4298
492.138 -10.4089
491.099 -10.388
490.062 -10.3671
489.028 -10.3463
487.995 -10.3255
486.965 -10.3047
485.936 -10.284
484.91 -10.2634
483.886 -10.2428
482.863 -10.2222
481.843 -10.2017
480.825 -10.1812
479.809 -10.1607
478.795 -10.1403
477.783 -10.1199
476.773 -10.0996
475.765 -10.0793
474.759 -10.0591
473.755 -10.0389
472.754 -10.0187
471.754 -9.99856
470.756 -9.97848
469.76 -9.95843
468.766 -9.93843
467.774 -9.91846
466.784 -9.89854
465.797 -9.87865
464.811 -9.8588
463.827 -9.839
462.845 -9.81923
461.865 -9.79951
460.887 -9.77982
459.911 -9.76018
458.937 -9.74057
457.965 -9.721
456.995 -9.70147
456.026 -9.68198
455.06 -9.66253
454.096 -9.64312
453.134 -9.62375
452.173 -9.60441
451.215 -9.58512
450.258 -9.56586
449.303 -9.54665
448.351 -9.52747
447.4 -9.50833
446.451 -9.48923
445.504 -9.47016
444.559 -9.45114
443.615 -9.43215
442.674 -9.4132
441.735 -9.39429
440.797 -9.37542
439.862 -9.35659
438.928 -9.33779
437.996 -9.31903
437.066 -9.30031
436.138 -9.28163
435.211 -9.26298
434.287 -9.24437
433.364 -9.2258
432.444 -9.20726
431.525 -9.18877
430.608 -9.17031
429.693 -9.15189
428.779 -9.1335
427.868 -9.11515
426.958 -9.09684
426.05 -9.07856
425.144 -9.06033
424.24 -9.04212
423.337 -9.02396
422.437 -9.00583
421.538 -8.98774
420.641 -8.96968
419.746 -8.95166
418.853 -8.93368
417.961 -8.91573
417.071 -8.89782
416.183 -8.87994
415.297 -8.8621
414.413 -8.8443
413.53 -8.82653
412.649 -8.8088
411.77 -8.7911
410.893 -8.77344
410.017 -8.75582
409.143 -8.73823
408.271 -8.72067
407.401 -8.70315
406.532 -8.68567
405.665 -8.66822
404.8 -8.6508
403.937 -8.63343
403.075 -8.61608
402.216 -8.59877
401.357 -8.5815
400.501 -8.56426
399.646 -8.54705
398.793 -8.52988
397.942 -8.51274
397.092 -8.49564
396.245 -8.47857
395.398 -8.46154
394.554 -8.44454
393.711 -8.42758
392.87 -8.41065
392.031 -8.39375
391.193 -8.37689
390.357 -8.36006
389.523 -8.34326
388.69 -8.3265
387.859 -8.30977
387.03 -8.29308
386.202 -8.27642
385.376 -8.25979
384.552 -8.24319
383.729 -8.22663
382.908 -8.21011
382.089 -8.19361
381.271 -8.17715
380.455 -8.16072
379.641 -8.14433
378.828 -8.12797
378.017 -8.11164
377.207 -8.09534
376.399 -8.07908
375.593 -8.06285
374.788 -8.04665
373.985 -8.03048
373.184 -8.01435
372.384 -7.99825
371.586 -7.98218
370.789 -7.96614
369.994 -7.95014
369.201 -7.93417
368.409 -7.91823
367.619 -7.90232
366.83 -7.88644
366.043 -7.8706
365.257 -7.85479
364.474 -7.83901
363.691 -7.82326
362.91 -7.80754
362.131 -7.79185
361.354 -7.7762
360.578 -7.76058
359.803 -7.74499
359.03 -7.72943
358.259 -7.7139
357.489 -7.6984
356.721 -7.68293
355.954 -7.6675
355.189 -7.6521
354.425 -7.63672
353.663 -7.62138
352.902 -7.60607
352.143 -7.59079
351.386 -7.57554
350.63 -7.56032
349.875 -7.54513
349.122 -7.52997
348.371 -7.51484
347.621 -7.49974
346.872 -7.48468
346.125 -7.46964
345.38 -7.45463
344.636 -7.43966
343.893 -7.42471
343.152 -7.40979
342.413 -7.39491
341.675 -7.38005
340.938 -7.36522
340.203 -7.35043
339.47 -7.33566
338.738 -7.32092
338.007 -7.30621
337.278 -7.29153
336.55 -7.27689
335.824 -7.26227
335.099 -7.24768
334.376 -7.23311
333.654 -7.21858
332.934 -7.20408
332.215 -7.18961
331.497 -7.17516
330.781 -7.16075
330.066 -7.14636
329.353 -7.132
328.641 -7.11768
327.931 -7.10338
327.222 -7.0891
326.515 -7.07486
325.809 -7.06065
325.104 -7.04646
324.401 -7.03231
323.699 -7.01818
322.999 -7.00408
322.3 -6.99001
321.602 -6.97596
320.906 -6.96195
320.211 -6.94796
319.518 -6.934
318.826 -6.92007
318.135 -6.90617
317.446 -6.89229
316.758 -6.87845
316.071 -6.86463
315.386 -6.85084
314.703 -6.83707
314.02 -6.82334
313.339 -6.80963
312.66 -6.79595
311.981 -6.78229
311.305 -6.76867
310.629 -6.75507
309.955 -6.7415
309.282 -6.72795
308.611 -6.71444
307.941 -6.70095
307.272 -6.68748
306.604 -6.67405
305.938 -6.66064
305.274 -6.64726
304.61 -6.6339
303.948 -6.62057
303.287 -6.60727
302.628 -6.594
301.97 -6.58075
301.313 -6.56753
300.658 -6.55433
300.004 -6.54117
299.351 -6.52803
298.699 -6.51491
298.049 -6.50182
297.4 -6.48876
296.753 -6.47572
296.107 -6.46271
295.462 -6.44973
294.818 -6.43677
294.175 -6.42384
293.534 -6.41093
292.895 -6.39805
292.256 -6.3852
291.619 -6.37237
290.983 -6.35957
290.348 -6.34679
289.715 -6.33404
289.083 -6.32131
288.452 -6.30861
287.822 -6.29594
287.194 -6.28329
286.567 -6.27067
285.941 -6.25807
285.316 -6.24549
284.693 -6.23295
284.071 -6.22042
283.45 -6.20793
282.831 -6.19545
282.212 -6.18301
281.595 -6.17059
280.98 -6.15819
280.365 -6.14582
279.752 -6.13347
279.14 -6.12115
278.529 -6.10885
277.919 -6.09657
277.311 -6.08433
276.703 -6.0721
276.097 -6.0599
275.493 -6.04773
274.889 -6.03558
274.287 -6.02345
273.686 -6.01135
273.086 -5.99927
272.487 -5.98722
271.889 -5.97519
271.293 -5.96319
270.698 -5.95121
270.104 -5.93925
269.511 -5.92732
268.92 -5.91541
268.329 -5.90352
267.74 -5.89166
267.152 -5.87983
266.565 -5.86801
265.98 -5.85622
265.395 -5.84446
264.812 -5.83272
264.23 -5.821
263.649 -5.8093
263.069 -5.79763
262.491 -5.78598
261.913 -5.77436
261.337 -5.76276
260.762 -5.75118
260.188 -5.73963
259.615 -5.72809
259.043 -5.71659
258.473 -5.7051
257.904 -5.69364
257.335 -5.6822
256.768 -5.67078
256.202 -5.65939
255.638 -5.64802
255.074 -5.63667
254.511 -5.62535
253.95 -5.61405
253.39 -5.60277
252.831 -5.59151
252.272 -5.58028
251.716 -5.56907
251.16 -5.55788
250.605 -5.54671
250.052 -5.53557
249.499 -5.52445
248.948 -5.51335
248.398 -5.50227
247.848 -5.49122
247.3 -5.48018
246.754 -5.46917
246.208 -5.45819
245.663 -5.44722
245.119 -5.43628
244.577 -5.42535
244.035 -5.41445
243.495 -5.40358
242.956 -5.39272
242.418 -5.38189
241.88 -5.37107
241.344 -5.36028
240.809 -5.34951
240.276 -5.33876
239.743 -5.32804
239.211 -5.31733
238.68 -5.30665
238.151 -5.29599
237.622 -5.28535
237.095 -5.27473
236.568 -5.26413
236.043 -5.25356
235.519 -5.243
234.995 -5.23247
234.473 -5.22196
233.952 -5.21147
233.432 -5.201
232.913 -5.19055
232.395 -5.18012
231.878 -5.16971
231.362 -5.15932
230.847 -5.14896
230.333 -5.13861
229.82 -5.12829
229.309 -5.11799
228.798 -5.1077
228.288 -5.09744
227.779 -5.0872
227.272 -5.07698
226.765 -5.06678
226.259 -5.0566
225.755 -5.04644
225.251 -5.0363
224.748 -5.02619
224.247 -5.01609
223.746 -5.00601
223.247 -4.99595
222.748 -4.98591
222.25 -4.9759
221.754 -4.9659
221.258 -4.95592
220.764 -4.94597
220.27 -4.93603
219.778 -4.92611
219.286 -4.91622
218.795 -4.90634
218.306 -4.89648
217.817 -4.88664
217.329 -4.87683
216.843 -4.86703
216.357 -4.85725
215.872 -4.84749
215.388 -4.83775
214.905 -4.82803
214.424 -4.81833
213.943 -4.80865
213.463 -4.79899
212.984 -4.78935
212.506 -4.77973
212.029 -4.77013
211.553 -4.76054
211.078 -4.75098
210.604 -4.74143
210.13 -4.73191
209.658 -4.7224
209.187 -4.71291
208.717 -4.70345
208.247 -4.694
207.779 -4.68457
207.311 -4.67515
206.845 -4.66576
206.379 -4.65639
205.914 -4.64703
205.451 -4.6377
204.988 -4.62838
204.526 -4.61908
204.065 -4.6098
203.605 -4.60054
203.146 -4.5913
202.687 -4.58207
202.23 -4.57287
201.774 -4.56368
201.318 -4.55451
200.864 -4.54536
200.41 -4.53623
199.957 -4.52711
199.506 -4.51802
199.055 -4.50894
198.605 -4.49988
198.156 -4.49084
197.708 -4.48182
197.26 -4.47282
196.814 -4.46383
196.368 -4.45486
195.924 -4.44591
195.48 -4.43698
195.037 -4.42807
194.595 -4.41917
194.154 -4.41029
193.714 -4.40143
193.275 -4.39259
192.837 -4.38376
192.399 -4.37496
191.962 -4.36617
191.527 -4.35739
191.092 -4.34864
190.658 -4.3399
190.225 -4.33118
189.792 -4.32248
189.361 -4.3138
188.931 -4.30513
188.501 -4.29648
188.072 -4.28785
187.644 -4.27924
187.217 -4.27064
186.791 -4.26206
186.366 -4.2535
185.941 -4.24495
185.517 -4.23642
185.095 -4.22791
184.673 -4.21942
184.252 -4.21094
183.831 -4.20248
183.412 -4.19404
182.993 -4.18561
182.576 -4.1772
182.159 -4.16881
181.743 -4.16044
181.328 -4.15208
180.913 -4.14374
180.5 -4.13541
180.087 -4.1271
179.675 -4.11881
179.264 -4.11054
178.854 -4.10228
178.444 -4.09404
178.036 -4.08581
177.628 -4.0776
177.221 -4.06941
176.815 -4.06123
176.41 -4.05308
176.005 -4.04493
175.601 -4.03681
175.199 -4.0287
174.797 -4.0206
174.395 -4.01252
173.995 -4.00446
173.595 -3.99642
173.196 -3.98839
172.798 -3.98038
172.401 -3.97238
172.005 -3.9644
171.609 -3.95644
171.214 -3.94849
170.82 -3.94055
170.427 -3.93264
170.034 -3.92474
169.643 -3.91685
169.252 -3.90898
168.862 -3.90113
168.472 -3.89329
168.084 -3.88547
167.696 -3.87766
167.309 -3.86987
166.923 -3.8621
166.537 -3.85434
166.153 -3.8466
165.769 -3.83887
165.386 -3.83116
165.003 -3.82346
164.622 -3.81578
164.241 -3.80811
163.861 -3.80046
163.482 -3.79283
163.103 -3.78521
162.725 -3.7776
162.348 -3.77001
161.972 -3.76244
161.597 -3.75488
161.222 -3.74734
160.848 -3.73981
160.475 -3.7323
160.102 -3.7248
159.731 -3.71731
159.36 -3.70985
158.989 -3.70239
158.62 -3.69495
158.251 -3.68753
157.883 -3.68012
157.516 -3.67273
157.149 -3.66535
156.783 -3.65799
156.418 -3.65064
156.054 -3.6433
155.69 -3.63599
155.328 -3.62868
154.965 -3.62139
154.604 -3.61412
154.243 -3.60685
153.883 -3.59961
153.524 -3.59238
153.166 -3.58516
152.808 -3.57796
152.451 -3.57077
152.094 -3.5636
151.739 -3.55644
151.384 -3.54929
151.03 -3.54216
150.676 -3.53504
150.323 -3.52794
149.971 -3.52086
149.62 -3.51378
149.269 -3.50672
148.919 -3.49968
148.57 -3.49265
148.221 -3.48563
147.874 -3.47863
147.526 -3.47164
147.18 -3.46466
146.834 -3.4577
146.489 -3.45076
146.145 -3.44383
145.801 -3.43691
145.458 -3.43
145.116 -3.42311
144.774 -3.41623
144.433 -3.40937
144.093 -3.40252
143.753 -3.39569
143.414 -3.38886
143.076 -3.38206
142.739 -3.37526
142.402 -3.36848
142.066 -3.36171
141.73 -3.35496
141.395 -3.34822
141.061 -3.34149
140.728 -3.33478
140.395 -3.32808
140.063 -3.3214
139.731 -3.31472
139.4 -3.30806
139.07 -3.30142
138.741 -3.29479
138.412 -3.28817
138.084 -3.28156
137.756 -3.27497
137.43 -3.26839
137.103 -3.26182
136.778 -3.25527
136.453 -3.24873
136.129 -3.2422
135.805 -3.23569
135.482 -3.22919
135.16 -3.2227
134.838 -3.21623
134.517 -3.20977
134.197 -3.20332
133.877 -3.19688
133.558 -3.19046
133.24 -3.18405
132.922 -3.17766
132.605 -3.17127
132.289 -3.1649
131.973 -3.15854
131.657 -3.1522
131.343 -3.14587
131.029 -3.13955
130.716 -3.13324
130.403 -3.12694
130.091 -3.12066
129.779 -3.11439
129.469 -3.10814
129.158 -3.10189
128.849 -3.09566
128.54 -3.08944
128.232 -3.08324
127.924 -3.07704
127.617 -3.07086
127.31 -3.06469
127.004 -3.05853
126.699 -3.05239
126.395 -3.04626
126.091 -3.04014
125.787 -3.03403
125.484 -3.02794
125.182 -3.02185
124.881 -3.01578
124.58 -3.00972
124.279 -3.00368
123.979 -2.99764
123.68 -2.99162
123.382 -2.98561
123.084 -2.97961
122.786 -2.97363
122.49 -2.96765
122.193 -2.96169
121.898 -2.95574
121.603 -2.9498
121.309 -2.94388
121.015 -2.93796
120.722 -2.93206
120.429 -2.92617
120.137 -2.92029
119.845 -2.91443
119.555 -2.90857
119.264 -2.90273
118.975 -2.8969
118.686 -2.89108
118.397 -2.88527
118.109 -2.87947
117.822 -2.87369
117.535 -2.86792
117.249 -2.86216
116.963 -2.85641
116.678 -2.85067
116.393 -2.84494
116.11 -2.83923
115.826 -2.83352
115.543 -2.82783
115.261 -2.82215
114.98 -2.81648
114.698 -2.81082
114.418 -2.80518
114.138 -2.79954
113.859 -2.79392
113.58 -2.7883
113.302 -2.7827
113.024 -2.77711
112.747 -2.77153
112.47 -2.76597
112.194 -2.76041
111.919 -2.75486
111.644 -2.74933
111.369 -2.74381
111.095 -2.73829
110.822 -2.73279
110.549 -2.7273
110.277 -2.72183
110.006 -2.71636
109.734 -2.7109
109.464 -2.70545
109.194 -2.70002
108.924 -2.6946
108.656 -2.68918
108.387 -2.68378
108.119 -2.67839
107.852 -2.67301
107.585 -2.66764
107.319 -2.66228
107.053 -2.65693
106.788 -2.65159
106.524 -2.64627
106.259 -2.64095
105.996 -2.63565
105.733 -2.63035
105.47 -2.62507
105.208 -2.6198
104.947 -2.61453
104.686 -2.60928
104.426 -2.60404
104.166 -2.59881
103.906 -2.59359
103.648 -2.58838
103.389 -2.58318
103.131 -2.57799
102.874 -2.57281
102.617 -2.56764
102.361 -2.56248
102.105 -2.55734
101.85 -2.5522
101.595 -2.54707
101.341 -2.54195
101.088 -2.53685
100.834 -2.53175
100.582 -2.52667
100.33 -2.52159
100.078 -2.51653
99.8267 -2.51147
99.5761 -2.50642
99.326 -2.50139
99.0763 -2.49637
98.8272 -2.49135
98.5786 -2.48635
98.3304 -2.48135
98.0828 -2.47637
97.8357 -2.47139
97.589 -2.46643
97.3429 -2.46147
97.0972 -2.45653
96.852 -2.45159
96.6074 -2.44667
96.3632 -2.44175
96.1195 -2.43685
95.8763 -2.43195
95.6336 -2.42707
95.3914 -2.42219
95.1497 -2.41733
94.9084 -2.41247
94.6677 -2.40763
94.4274 -2.40279
94.1876 -2.39796
93.9483 -2.39315
93.7094 -2.38834
93.4711 -2.38354
93.2332 -2.37875
92.9958 -2.37397
92.7589 -2.3692
92.5224 -2.36445
92.2865 -2.3597
92.051 -2.35496
91.816 -2.35023
91.5814 -2.3455
91.3473 -2.34079
91.1137 -2.33609
90.8806 -2.3314
90.6479 -2.32671
90.4157 -2.32204
90.184 -2.31738
89.9527 -2.31272
89.7219 -2.30808
89.4915 -2.30344
89.2617 -2.29881
89.0322 -2.29419
88.8033 -2.28959
88.5748 -2.28499
88.3467 -2.2804
88.1192 -2.27582
87.892 -2.27124
87.6654 -2.26668
87.4392 -2.26213
87.2134 -2.25758
86.9881 -2.25305
86.7632 -2.24852
86.5388 -2.24401
86.3149 -2.2395
86.0914 -2.235
85.8683 -2.23051
85.6457 -2.22603
85.4236 -2.22156
85.2019 -2.2171
84.9806 -2.21264
84.7598 -2.2082
84.5394 -2.20376
84.3195 -2.19934
84.1 -2.19492
83.8809 -2.19051
83.6623 -2.18611
83.4441 -2.18172
83.2264 -2.17734
83.0091 -2.17296
82.7923 -2.1686
82.5758 -2.16424
82.3598 -2.15989
82.1443 -2.15555
81.9292 -2.15122
81.7145 -2.1469
81.5002 -2.14259
81.2864 -2.13829
81.073 -2.13399
80.86 -2.12971
80.6475 -2.12543
80.4354 -2.12116
80.2237 -2.1169
80.0124 -2.11264
79.8016 -2.1084
79.5912 -2.10417
79.3812 -2.09994
79.1716 -2.09572
78.9624 -2.09151
78.7537 -2.08731
78.5454 -2.08312
78.3375 -2.07893
78.13 -2.07476
77.923 -2.07059
77.7163 -2.06643
77.5101 -2.06228
77.3043 -2.05814
77.0989 -2.054
76.8939 -2.04988
76.6893 -2.04576
76.4852 -2.04165
76.2814 -2.03755
76.078 -2.03346
75.8751 -2.02937
75.6726 -2.0253
75.4705 -2.02123
75.2687 -2.01717
75.0674 -2.01312
74.8665 -2.00907
74.666 -2.00504
74.4659 -2.00101
74.2662 -1.99699
74.0669 -1.99298
73.868 -1.98897
73.6695 -1.98498
73.4714 -1.98099
73.2737 -1.97701
73.0764 -1.97304
72.8795 -1.96908
72.683 -1.96512
72.4869 -1.96118
72.2912 -1.95724
72.0958 -1.95331
71.9009 -1.94938
71.7063 -1.94547
71.5122 -1.94156
71.3184 -1.93766
71.125 -1.93377
70.9321 -1.92988
70.7395 -1.92601
70.5472 -1.92214
70.3554 -1.91828
70.164 -1.91442
69.9729 -1.91058
69.7822 -1.90674
69.592 -1.90291
69.402 -1.89909
69.2125 -1.89527
69.0234 -1.89147
68.8346 -1.88767
68.6462 -1.88388
68.4582 -1.88009
68.2706 -1.87631
68.0833 -1.87255
67.8964 -1.86878
67.7099 -1.86503
67.5238 -1.86128
67.3381 -1.85755
67.1527 -1.85382
66.9677 -1.85009
66.783 -1.84638
66.5988 -1.84267
66.4149 -1.83897
66.2313 -1.83527
66.0482 -1.83159
65.8654 -1.82791
65.683 -1.82423
65.5009 -1.82057
65.3192 -1.81691
65.1379 -1.81326
64.9569 -1.80962
64.7763 -1.80599
64.5961 -1.80236
64.4162 -1.79874
64.2367 -1.79513
64.0576 -1.79152
63.8788 -1.78792
63.7003 -1.78433
63.5223 -1.78075
63.3445 -1.77717
63.1672 -1.7736
62.9902 -1.77004
62.8135 -1.76648
62.6372 -1.76294
62.4613 -1.75939
62.2857 -1.75586
62.1105 -1.75233
61.9356 -1.74881
61.7611 -1.7453
61.5869 -1.7418
61.4131 -1.7383
61.2396 -1.73481
61.0664 -1.73132
60.8937 -1.72784
60.7212 -1.72437
60.5491 -1.72091
60.3774 -1.71745
60.206 -1.714
60.0349 -1.71056
59.8642 -1.70712
59.6938 -1.7037
59.5238 -1.70027
59.3541 -1.69686
59.1848 -1.69345
59.0158 -1.69005
58.8471 -1.68665
58.6788 -1.68327
58.5108 -1.67989
58.3431 -1.67651
58.1758 -1.67314
58.0089 -1.66978
57.8422 -1.66643
57.6759 -1.66308
57.5099 -1.65974
57.3443 -1.65641
57.179 -1.65308
57.014 -1.64976
56.8494 -1.64645
56.685 -1.64314
56.5211 -1.63984
56.3574 -1.63655
56.1941 -1.63326
56.0311 -1.62998
55.8684 -1.62671
55.7061 -1.62344
55.5441 -1.62018
55.3824 -1.61692
55.221 -1.61368
55.0599 -1.61043
54.8992 -1.6072
54.7388 -1.60397
54.5788 -1.60075
54.419 -1.59754
54.2596 -1.59433
54.1005 -1.59112
53.9417 -1.58793
53.7832 -1.58474
53.625 -1.58156
53.4672 -1.57838
53.3097 -1.57521
53.1525 -1.57205
52.9956 -1.56889
52.839 -1.56574
52.6827 -1.56259
52.5268 -1.55945
52.3712 -1.55632
52.2159 -1.5532
52.0608 -1.55008
51.9061 -1.54696
51.7518 -1.54386
51.5977 -1.54075
51.4439 -1.53766
51.2905 -1.53457
51.1373 -1.53149
50.9845 -1.52841
50.8319 -1.52534
50.6797 -1.52228
50.5278 -1.51922
50.3762 -1.51617
50.2249 -1.51313
50.0739 -1.51009
49.9231 -1.50705
49.7727 -1.50403
49.6226 -1.50101
49.4728 -1.49799
49.3233 -1.49498
49.1741 -1.49198
49.0252 -1.48898
48.8766 -1.48599
48.7283 -1.48301
48.5803 -1.48003
48.4326 -1.47706
48.2852 -1.47409
48.1381 -1.47113
47.9913 -1.46818
47.8448 -1.46523
47.6985 -1.46228
47.5526 -1.45935
47.407 -1.45642
47.2616 -1.45349
47.1166 -1.45057
46.9718 -1.44766
46.8273 -1.44475
46.6831 -1.44185
46.5392 -1.43895
46.3956 -1.43606
46.2523 -1.43318
46.1093 -1.4303
45.9665 -1.42743
45.8241 -1.42456
45.6819 -1.4217
45.54 -1.41884
45.3984 -1.41599
45.2571 -1.41315
45.1161 -1.41031
44.9753 -1.40748
44.8349 -1.40465
44.6947 -1.40183
44.5548 -1.39902
44.4152 -1.39621
44.2758 -1.3934
44.1368 -1.3906
43.998 -1.38781
43.8595 -1.38502
43.7213 -1.38224
43.5833 -1.37947
43.4456 -1.3767
43.3083 -1.37393
43.1711 -1.37117
43.0343 -1.36842
42.8977 -1.36567
42.7614 -1.36293
42.6254 -1.36019
42.4897 -1.35746
42.3542 -1.35473
42.219 -1.35201
42.0841 -1.34929
41.9494 -1.34658
41.815 -1.34388
41.6809 -1.34118
41.5471 -1.33849
41.4135 -1.3358
41.2802 -1.33312
41.1471 -1.33044
41.0143 -1.32777
40.8818 -1.3251
40.7496 -1.32244
40.6176 -1.31978
40.4859 -1.31713
40.3544 -1.31449
40.2233 -1.31185
40.0923 -1.30921
39.9617 -1.30658
39.8313 -1.30396
39.7012 -1.30134
39.5713 -1.29873
39.4417 -1.29612
39.3123 -1.29352
39.1832 -1.29092
39.0544 -1.28833
38.9258 -1.28574
38.7975 -1.28316
38.6694 -1.28058
38.5416 -1.27801
38.4141 -1.27544
38.2868 -1.27288
38.1598 -1.27032
38.033 -1.26777
37.9065 -1.26522
37.7802 -1.26268
37.6542 -1.26015
37.5284 -1.25762
37.4029 -1.25509
37.2777 -1.25257
37.1527 -1.25006
37.0279 -1.24754
36.9034 -1.24504
36.7792 -1.24254
36.6551 -1.24004
36.5314 -1.23755
36.4079 -1.23507
36.2846 -1.23259
36.1616 -1.23011
36.0389 -1.22764
35.9163 -1.22518
35.7941 -1.22272
35.672 -1.22026
35.5503 -1.21781
35.4287 -1.21536
35.3074 -1.21292
35.1864 -1.21049
35.0656 -1.20806
34.945 -1.20563
34.8247 -1.20321
34.7046 -1.20079
34.5848 -1.19838
34.4652 -1.19597
34.3458 -1.19357
34.2267 -1.19117
34.1078 -1.18878
33.9892 -1.18639
33.8708 -1.18401
33.7526 -1.18163
33.6347 -1.17926
33.517 -1.17689
33.3996 -1.17453
33.2823 -1.17217
33.1654 -1.16982
33.0486 -1.16747
32.9321 -1.16512
32.8158 -1.16278
32.6998 -1.16045
32.584 -1.15812
32.4684 -1.15579
32.353 -1.15347
32.2379 -1.15115
32.123 -1.14884
32.0084 -1.14653
31.894 -1.14423
31.7798 -1.14193
31.6658 -1.13964
31.5521 -1.13735
31.4386 -1.13507
31.3253 -1.13279
31.2122 -1.13051
31.0994 -1.12824
30.9868 -1.12598
30.8744 -1.12372
30.7623 -1.12146
30.6504 -1.11921
30.5387 -1.11696
30.4272 -1.11472
30.316 -1.11248
30.2049 -1.11024
30.0941 -1.10801
29.9835 -1.10579
29.8732 -1.10357
29.7631 -1.10135
29.6531 -1.09914
29.5434 -1.09693
29.434 -1.09473
29.3247 -1.09253
29.2157 -1.09034
29.1069 -1.08815
28.9983 -1.08596
28.8899 -1.08378
28.7817 -1.08161
28.6738 -1.07943
28.5661 -1.07727
28.4586 -1.0751
28.3513 -1.07294
28.2442 -1.07079
28.1373 -1.06864
28.0307 -1.06649
27.9242 -1.06435
27.818 -1.06221
27.712 -1.06008
27.6062 -1.05795
27.5006 -1.05583
27.3953 -1.05371
27.2901 -1.05159
27.1851 -1.04948
27.0804 -1.04737
26.9759 -1.04527
26.8716 -1.04317
26.7675 -1.04107
26.6636 -1.03898
26.5599 -1.0369
26.4564 -1.03481
26.3531 -1.03274
26.2501 -1.03066
26.1472 -1.02859
26.0445 -1.02653
25.9421 -1.02447
25.8399 -1.02241
25.7378 -1.02036
25.636 -1.01831
25.5344 -1.01626
25.4329 -1.01422
25.3317 -1.01218
25.2307 -1.01015
25.1299 -1.00812
25.0293 -1.0061
24.9289 -1.00408
24.8287 -1.00206
24.7287 -1.00005
24.6289 -0.998041
24.5293 -0.996036
24.4299 -0.994036
24.3306 -0.99204
24.2316 -0.990048
24.1328 -0.98806
24.0342 -0.986076
23.9358 -0.984095
23.8376 -0.982119
23.7396 -0.980147
23.6418 -0.978179
23.5442 -0.976214
23.4467 -0.974254
23.3495 -0.972298
23.2525 -0.970345
23.1556 -0.968397
23.059 -0.966452
22.9625 -0.964511
22.8663 -0.962574
22.7702 -0.960641
22.6743 -0.958712
22.5787 -0.956787
22.4832 -0.954866
22.3879 -0.952948
22.2928 -0.951035
22.1979 -0.949125
22.1031 -0.947219
22.0086 -0.945317
21.9143 -0.943419
21.8201 -0.941524
21.7261 -0.939633
21.6324 -0.937747
21.5388 -0.935863
21.4454 -0.933984
21.3522 -0.932109
21.2592 -0.930237
21.1663 -0.928369
21.0737 -0.926505
20.9812 -0.924644
20.8889 -0.922787
20.7968 -0.920934
20.7049 -0.919085
20.6132 -0.917239
20.5217 -0.915398
20.4303 -0.913559
20.3391 -0.911725
20.2481 -0.909894
20.1573 -0.908067
20.0667 -0.906244
19.9763 -0.904424
19.886 -0.902608
19.7959 -0.900795
19.706 -0.898986
19.6163 -0.897181
19.5268 -0.895379
19.4374 -0.893582
19.3482 -0.891787
19.2592 -0.889996
19.1704 -0.888209
19.0818 -0.886426
18.9933 -0.884646
18.905 -0.882869
18.8169 -0.881096
18.729 -0.879327
18.6412 -0.877561
18.5536 -0.875799
18.4662 -0.874041
18.379 -0.872286
18.292 -0.870534
18.2051 -0.868786
18.1184 -0.867041
18.0318 -0.8653
17.9455 -0.863563
17.8593 -0.861829
17.7733 -0.860098
17.6875 -0.858371
17.6018 -0.856647
17.5163 -0.854927
17.431 -0.853211
17.3458 -0.851497
17.2609 -0.849788
17.176 -0.848081
17.0914 -0.846378
17.0069 -0.844679
16.9226 -0.842983
16.8385 -0.84129
16.7546 -0.839601
16.6708 -0.837915
16.5871 -0.836232
16.5037 -0.834553
16.4204 -0.832877
16.3373 -0.831205
16.2543 -0.829536
16.1715 -0.82787
16.0889 -0.826208
16.0065 -0.824549
15.9242 -0.822893
15.842 -0.821241
15.7601 -0.819592
15.6783 -0.817946
15.5967 -0.816303
15.5152 -0.814664
15.4339 -0.813028
15.3527 -0.811396
15.2718 -0.809767
15.191 -0.808141
15.1103 -0.806518
15.0298 -0.804899
14.9495 -0.803282
14.8693 -0.801669
14.7893 -0.80006
14.7095 -0.798453
14.6298 -0.79685
14.5503 -0.79525
14.4709 -0.793653
14.3917 -0.792059
14.3126 -0.790469
14.2338 -0.788882
14.155 -0.787298
14.0765 -0.785717
13.998 -0.784139
13.9198 -0.782565
13.8417 -0.780993
13.7637 -0.779425
13.686 -0.77786
13.6083 -0.776298
13.5309 -0.77474
13.4535 -0.773184
13.3764 -0.771631
13.2994 -0.770082
13.2225 -0.768536
13.1458 -0.766993
13.0693 -0.765453
12.9929 -0.763916
12.9166 -0.762382
12.8405 -0.760851
12.7646 -0.759323
12.6888 -0.757799
12.6132 -0.756277
12.5377 -0.754758
12.4624 -0.753243
12.3872 -0.751731
12.3122 -0.750221
12.2373 -0.748715
12.1626 -0.747211
12.088 -0.745711
12.0136 -0.744214
11.9394 -0.742719
11.8652 -0.741228
11.7913 -0.73974
11.7174 -0.738255
11.6438 -0.736772
11.5702 -0.735293
11.4968 -0.733817
11.4236 -0.732343
11.3505 -0.730873
11.2776 -0.729405
11.2048 -0.727941
11.1321 -0.726479
11.0596 -0.72502
10.9873 -0.723565
10.9151 -0.722112
10.843 -0.720662
10.7711 -0.719215
10.6993 -0.717771
10.6277 -0.71633
10.5562 -0.714891
10.4848 -0.713456
10.4136 -0.712023
10.3426 -0.710594
10.2717 -0.709167
10.2009 -0.707743
10.1303 -0.706322
10.0598 -0.704904
9.98942 -0.703488
9.91921 -0.702076
9.84914 -0.700666
9.77922 -0.69926
9.70943 -0.697856
9.63978 -0.696454
9.57028 -0.695056
9.50091 -0.69366
9.43169 -0.692268
9.3626 -0.690878
9.29365 -0.689491
9.22484 -0.688106
9.15617 -0.686725
9.08763 -0.685346
9.01923 -0.68397
8.95097 -0.682596
8.88285 -0.681226
8.81487 -0.679858
8.74702 -0.678493
8.6793 -0.677131
8.61173 -0.675771
8.54429 -0.674414
8.47698 -0.67306
8.40981 -0.671709
8.34277 -0.67036
8.27587 -0.669014
8.2091 -0.667671
8.14247 -0.666331
8.07597 -0.664993
8.00961 -0.663658
7.94337 -0.662325
7.87727 -0.660995
7.81131 -0.659668
7.74547 -0.658344
7.67977 -0.657022
7.6142 -0.655703
7.54876 -0.654386
7.48345 -0.653072
7.41828 -0.651761
7.35323 -0.650452
7.28832 -0.649147
7.22353 -0.647843
7.15888 -0.646542
7.09436 -0.645244
7.02996 -0.643949
6.96569 -0.642656
6.90156 -0.641366
6.83755 -0.640078
6.77367 -0.638793
6.70992 -0.63751
6.6463 -0.63623
6.5828 -0.634953
6.51943 -0.633678
6.45619 -0.632406
6.39308 -0.631136
6.33009 -0.629869
6.26723 -0.628604
6.2045 -0.627342
6.14189 -0.626083
6.07941 -0.624826
6.01705 -0.623571
5.95482 -0.622319
5.89271 -0.62107
5.83073 -0.619823
5.76887 -0.618578
5.70714 -0.617337
5.64553 -0.616097
5.58404 -0.61486
5.52268 -0.613626
5.46144 -0.612394
5.40032 -0.611164
5.33933 -0.609937
5.27846 -0.608713
5.21771 -0.60749
5.15708 -0.606271
5.09658 -0.605054
5.03619 -0.603839
4.97593 -0.602626
4.91579 -0.601417
4.85577 -0.600209
4.79587 -0.599004
4.73609 -0.597801
4.67643 -0.596601
4.61689 -0.595403
4.55747 -0.594208
4.49816 -0.593015
4.43898 -0.591824
4.37992 -0.590636
4.32097 -0.58945
4.26215 -0.588267
4.20344 -0.587086
4.14485 -0.585907
4.08637 -0.584731
4.02802 -0.583557
3.96978 -0.582385
3.91166 -0.581216
3.85365 -0.580049
3.79577 -0.578885
3.73799 -0.577723
3.68034 -0.576563
3.6228 -0.575405
3.56537 -0.57425
3.50806 -0.573097
3.45087 -0.571946
3.39379 -0.570798
3.33682 -0.569652
3.27997 -0.568509
3.22323 -0.567367
3.16661 -0.566228
3.1101 -0.565091
3.05371 -0.563957
2.99742 -0.562825
2.94125 -0.561695
2.8852 -0.560567
2.82925 -0.559442
2.77342 -0.558318
2.7177 -0.557197
2.66209 -0.556079
2.6066 -0.554962
2.55121 -0.553848
2.49594 -0.552736
2.44078 -0.551627
2.38573 -0.550519
2.33078 -0.549414
2.27595 -0.548311
2.22123 -0.54721
2.16662 -0.546112
2.11212 -0.545015
2.05773 -0.543921
2.00344 -0.542829
1.94927 -0.541739
1.8952 -0.540652
1.84125 -0.539566
1.7874 -0.538483
1.73366 -0.537402
1.68003 -0.536323
1.6265 -0.535246
1.57309 -0.534172
1.51978 -0.533099
1.46657 -0.532029
1.41348 -0.530961
1.36049 -0.529895
1.3076 -0.528831
1.25483 -0.52777
1.20216 -0.52671
1.14959 -0.525653
1.09713 -0.524597
1.04478 -0.523544
0.992527 -0.522493
0.940383 -0.521444
0.888343 -0.520397
0.836408 -0.519353
0.784577 -0.51831
0.73285 -0.517269
0.681227 -0.516231
0.629707 -0.515195
0.578291 -0.51416
0.526979 -0.513128
0.475769 -0.512098
